sampleID	p_Euryarchaeota	p_Actinobacteria	p_Bacteroidetes	p_Cyanobacteria	p_Deferribacteres	p_Firmicutes	p_Fusobacteria	p_Patescibacteria	p_Proteobacteria	p_Tenericutes	p_Verrucomicrobia	k_Bacteria	k_Eukaryota	Unassigned
255-7-1h	0	20	982	0	18	812	0	0	192	1	0	2	0	0
261-7-2h	0	13.5	1111.5	22	10.5	725.5	0	0	133	6	0	4.5	0	0.5
278-7-2h	0	17	844	0	6	1122	0	0	33.5	1	0	3.5	0	0
280-7-2h	0	13.5	659	4	3.5	1186	0	0	158	0.5	0	2.5	0	0
246-7-1h	0	12	595	3	76	1126	0	0	214	1	0	0	0	0
246-7-2h	0	25	704	1	5	1163	0	0	128	0	0	1	0	0
246-7-3h	0	33	729	6	0	1104	0	0	152	0	0	3	0	0
264-7-1h	0	9	716	12	77	992	0	0	213	7	0	0	1	0
264-7-2h	0	12	829	14	8	1022	0	0	138	1	0	3	0	0
264-7-3h	1	11	644	4	5	1231	0	0	127	2	0	2	0	0
280-7-1h	0	4	583	4	50	1189	0	0	194	0	0	3	0	0
286-7-1h	0	7	677	9	88	1012	0	0	226	3	0	4	0	1
286-7-2h	0	18	762	6	3	1105	0	0	130	0	0	3	0	0
286-7-3h	0	16	833	13	1	1074	0	0	89	0	0	1	0	0
247-7-1h	0	8	492	0	24	1338	0	0	162	1	0	2	0	0
247-7-2h	0	23	638	1	2	1216	0	0	146	0	0	1	0	0
247-7-3h	0	12	646	0	3	1212	0	0	151	1	0	1	1	0
271-7-1h	2	4	611	2	76	1106	0	0	222	0	0	4	0	0
271-7-3h	0	13	633	0	2	1201	0	0	174	0	0	4	0	0
271-7-4h	0	18	641	1	2	1220	0	0	142	0	0	2	0	1
281-7-1h	0	11	483	0	33	1229	0	0	267	0	0	4	0	0
281-7-2h	0	17	703	0	0	1184	0	0	113	0	0	10	0	0
281-7-3h	0	17	735	1	1	1173	0	0	94	0	0	5	0	1
287-7-1h	0	15	688	0	34	1029	0	0	260	0	0	1	0	0
287-7-2h	0	20	700	0	2	1220	0	0	79	0	0	6	0	0
287-7-3h	0	22	892	0	5	989	0	0	115	0	0	3	0	1
253-7-1h	0	10	270	0	64	1605	0	6	71	0	0	1	0	0
253-7-2h	0	17	287	0	1	1655	0	6	61	0	0	0	0	0
272-7-1h	0	25	410	0	21	1460	0	16	91	1	0	3	0	0
272-7-2h	0	20	351	0	4	1564	0	4	83	0	0	0	0	1
292-7-1h	0	11	353	0	51	1516	0	3	91	0	0	2	0	0
292-7-2h	0	12	340	0	2	1578	0	3	87	1	0	3	0	1
292-7-3h	0	13	456	0	1	1440	0	0	112	2	0	2	0	1
318-7-1h	0	8	557	0	2	1328	0	3	128	1	0	0	0	0
318-7-2h	0	17	425	0	2	1493	0	7	83	0	0	0	0	0
318-7-3h	0	13	436	0	1	1457	0	4	114	1	0	1	0	0
318-7-4h	0	9	391	0	3	1463	0	4	153	0	0	3	0	1
254-7-1h	0	20	448	0	16	1399	0	22	117	5	0	0	0	0
254-7-2h	0	34	396	0	2	1483	0	20	80	8	0	4	0	0
254-7-3h	0	22	575	0	0	1306	0	12	104	5	0	3	0	0
273-7-1h	0	28	415	0	29	1363	0	34	151	3	0	2	0	2
273-7-2h	0	47	367	0	0	1504	0	18	91	0	0	0	0	0
273-7-3h	0	47	466	0	4	1367	0	28	111	3	0	1	0	0
273-7-4h	0	15	496	0	4	1286	0	20	199	3	0	2	1	1
293-7-1h	0	9	492	0	43	1242	0	5	226	3	2	4	0	1
293-7-2h	0	8	342	0	4	1490	0	3	176	0	0	4	0	0
293-7-3h	0	22	588	0	0	1266	0	8	140	2	0	1	0	0
319-7-1h	0	16	642	0	19	1163	0	22	164	0	0	1	0	0
319-7-3h	0	20	689	0	0	1135	0	16	162	0	0	4	0	1
319-7-4h	0	35	699	0	1	1108	0	12	168	1	0	3	0	0
255-7-2h	0	10	1076	1	17	749	0	0	170	0	0	4	0	0
255-7-3h	0	23	1083	0	7	799	0	0	112	3	0	0	0	0
274-7-1h	0	25	918	0	21	903	0	2	151	5	0	1	0	1
274-7-2h	0	25	979	0	5	868	0	1	144	4	0	1	0	0
274-7-3h	0	36	1064	0	2	823	0	0	96	4	0	2	0	0
299-7-1h	0	9	954	0	14	812	0	0	229	8	0	1	0	0
299-7-2h	0	9	1038	3	8	818	0	0	147	4	0	0	0	0
314-7-1h	0	7	922	0	48	775	0	1	267	3	0	3	1	0
314-7-2h	0	12	1187	0	15	684	0	0	126	1	0	2	0	0
261-7-1h	0	6	992	7	4	824	0	0	190	4	0	0	0	0
261-7-3h	0	20	1187	30	7	643	0	0	125	12	0	3	0	0
277-7-1h	0	13	970	1	9	867	0	4	161	1	0	1	0	0
277-7-2h	0	15	1087	1	6	744	0	3	164	6	0	0	1	0
304-7-1h	0	19	1034	7	10	744	0	5	203	4	0	1	0	0
304-7-2h	0	20	968	10	26	821	0	2	172	5	0	2	0	1
304-7-3h	0	13	990	7	8	845	0	2	157	4	0	1	0	0
317-7-1h	0	16	984	2	44	798	0	5	172	2	0	2	2	0
317-7-2h	0	29	1229	0	8	656	0	6	89	6	3	1	0	0
241-7-1h	0	20	738	0	36	1038	0	0	193	2	0	0	0	0
241-7-3h	0	29	953	0	7	929	0	0	107	0	0	2	0	0
262-7-1h	0	27	689	0	43	1065	0	1	198	2	0	1	0	1
262-7-2h	0	29	890	0	1	1001	0	1	102	1	0	1	0	1
262-7-3h	0	24	964	0	3	969	0	0	62	2	0	3	0	0
278-7-1h	0	9	849	0	38	936	0	0	189	4	0	2	0	0
305-7-1h	0	19	920	0	18	919	0	0	149	2	0	0	0	0
305-7-2h	0	32	939	0	3	987	0	0	64	0	0	2	0	0
305-7-3h	0	33	1049	0	1	909	0	0	30	5	0	0	0	0
245-7-2h	0	19	894	17	11	795	0	0	64	0	226	1	0	0
263-7-1h	0	19	552	5	40	1016	0	1	199	1	192	2	0	0
263-7-2h	0	41	502	3	12	1047	0	0	51	0	368	3	0	0
263-7-3h	0	29	755	6	16	852	0	1	42	0	322	4	0	0
279-7-1h	0	17	654	0	48	930	0	25	191	0	155	7	0	0
279-7-2h	0	25	661	3	4	911	0	24	130	0	269	0	0	0
279-7-3h	0	26	679	0	10	1002	0	15	130	0	162	3	0	0
306-7-1h	0	19	731	0	10	876	0	3	77	0	301	9	0	1
306-7-2h	0	22	764	2	2	823	0	3	58	0	352	1	0	0
306-7-3h	0	27	518	0	2	1056	0	5	42	0	376	1	0	0
321-2-150min	0	20	959	16	5	940	0	1	41	43	0	2	0	0
321-2-30min	0	11	1057	8	4	903	0	2	16	26	0	0	0	0
321-2-90min	0	10	977	4	4	943	0	0	36	53	0	0	0	0
330-2-120min	0	12	1005	16	1	918	0	3	28	44	0	0	0	0
330-2-30min	0	15	910	22	0	1031	0	1	15	33	0	0	0	0
330-2-90min	0	15	1076	17	0	859	0	2	16	42	0	0	0	0
346-2-30min	0	23	1060	6	1	892	0	2	15	28	0	0	0	0
346-2-90min	0	16	1013	4	0	933	0	2	37	22	0	0	0	0
348-2-120min	0	13	1113	7	0	805	0	2	46	40	0	1	0	0
348-2-30min	0	7	1086	13	2	858	0	0	25	35	0	1	0	0
348-2-90min	0	7	1064	7	0	891	0	0	23	35	0	0	0	0
355-2-150min	0	10	1045	9	2	889	0	0	38	34	0	0	0	0
355-2-30min	0	8	967	1	1	1008	0	3	15	24	0	0	0	0
355-2-90min	0	4	1040	3	1	939	0	3	17	20	0	0	0	0
357-2-150min	0	19	924	10	1	999	0	2	37	35	0	0	0	0
357-2-30min	0	22	951	6	1	989	0	2	23	33	0	0	0	0
357-2-90min	0	20	1008	8	0	942	0	3	16	30	0	0	0	0
363-2-150min	0	17	946	26	0	980	0	0	22	36	0	0	0	0
363-2-30min	0	36	911	36	0	983	0	0	28	33	0	0	0	0
363-2-90min	0	31	872	62	0	1002	0	9	26	25	0	0	0	0
368-2-120min	0	16	862	12	1	1103	0	2	12	19	0	0	0	0
368-2-30min	0	28	837	3	1	1131	0	3	12	12	0	0	0	0
368-2-90min	0	30	842	7	2	1081	0	2	37	26	0	0	0	0
424-2-120min	0	35	946	0	6	1002	0	0	18	20	0	0	0	0
424-2-30min	0	50	1025	0	0	923	0	1	20	8	0	0	0	0
424-2-90min	0	56	910	0	1	993	0	3	40	24	0	0	0	0
431-2-120min	0	54	879	6	3	1023	0	7	20	35	0	0	0	0
431-2-30min	0	95	892	7	1	965	0	9	38	19	0	1	0	0
431-2-90min	0	44	817	7	1	1044	0	7	49	58	0	0	0	0
438-2-150min	0	36	985	3	1	962	0	0	22	18	0	0	0	0
438-2-30min	0	30	855	3	9	1071	0	0	43	16	0	0	0	0
438-2-90min	0	50	1035	4	1	894	0	1	22	20	0	0	0	0
439-2-150min	0	33	887	1	0	1027	0	1	57	21	0	0	0	0
439-2-30min	0	75	877	8	1	979	0	11	68	8	0	0	0	0
439-2-90min	0	13	905	4	1	1028	0	1	36	39	0	0	0	0
440-2-120min	0	41	934	0	9	1010	0	0	12	20	0	1	0	0
440-2-30min	0	53	957	2	0	978	0	4	15	18	0	0	0	0
440-2-90min	0	28	1008	1	1	952	0	1	13	23	0	0	0	0
448-2-120min	0	21	885	12	0	1034	0	4	25	42	0	4	0	0
448-2-30min	0	28	867	11	0	1087	0	3	4	27	0	0	0	0
448-2-90min	0	23	937	10	1	1007	0	2	10	37	0	0	0	0
458-2-150min	0	16	691	3	3	1249	0	2	33	30	0	0	0	0
458-2-30min	0	27	1247	3	0	689	0	4	31	26	0	0	0	0
458-2-60min	0	19	994	7	0	922	0	0	42	43	0	0	0	0
459-2-120min	0	20	993	11	2	940	0	1	21	39	0	0	0	0
459-2-30min	0	27	1189	13	0	765	0	3	14	16	0	0	0	0
459-2-90min	0	32	980	43	1	941	0	2	14	14	0	0	0	0
461-2-120min	0	24	853	3	5	1055	0	0	17	70	0	0	0	0
461-2-30min	0	43	876	0	1	1049	0	5	30	23	0	0	0	0
461-2-90min	0	36	748	2	0	1159	0	2	13	67	0	0	0	0
495-120min	0	7	942	38	0	1008	0	2	23	7	0	0	0	0
495-180min	0	7	789	30	3	1146	0	2	39	11	0	0	0	0
495-30min	0	13	814	7	8	1138	0	3	32	12	0	0	0	0
495-60min	0	2	915	18	5	1043	0	3	32	9	0	0	0	0
496-30min	0	22	645	0	0	1242	0	6	64	43	5	0	0	0
496-60min	0	20	320	4	0	1568	0	8	76	31	0	0	0	0
497-120min	0	6	892	0	1	1047	0	0	42	39	0	0	0	0
497-180min	0	2	880	4	0	1046	0	0	54	41	0	0	0	0
497-30min	0	11	1014	5	2	898	0	2	40	55	0	0	0	0
497-60min	0	11	861	3	0	1060	0	2	49	41	0	0	0	0
499-30min	0	18	940	0	1	1002	0	5	29	32	0	0	0	0
499-60min	0	9	534	0	0	1416	0	7	22	39	0	0	0	0
500-120min	0	8	991	15	1	974	0	5	13	20	0	0	0	0
500-30min	0	7	845	12	0	1101	0	3	37	22	0	0	0	0
500-60min	0	15	1057	8	0	917	0	0	8	22	0	0	0	0
501-30min	0	18	752	3	5	1173	0	3	38	35	0	0	0	0
501-60min	0	21	495	11	0	1416	0	5	46	33	0	0	0	0
502-120min	0	19	1158	13	0	788	0	0	30	19	0	0	0	0
502-30min	0	5	887	2	0	1075	0	0	43	15	0	0	0	0
502-60min	0	31	1111	8	0	815	0	0	40	22	0	0	0	0
503-30min	0	15	846	3	3	1112	0	0	15	33	0	0	0	0
503-60min	0	0	458	3	0	1514	0	0	17	35	0	0	0	0
506-120min	0	22	884	4	0	1070	0	4	26	17	0	0	0	0
506-30min	0	14	826	0	0	1138	0	0	37	12	0	0	0	0
506-60min	0	21	939	0	0	1030	0	0	13	24	0	0	0	0
507-120min	0	5	1010	4	0	972	0	0	25	11	0	0	0	0
507-30min	0	13	1106	4	0	869	0	0	11	24	0	0	0	0
507-60min	0	5	1035	9	0	946	0	0	20	12	0	0	0	0
508-120min	0	6	679	6	0	1289	0	0	28	19	0	0	0	0
508-30min	0	21	1049	6	0	905	0	3	24	19	0	0	0	0
508-60min	0	23	509	1	0	1459	0	3	10	22	0	0	0	0
509-120min	0	10	741	13	0	1191	0	1	34	37	0	0	0	0
509-30min	0	6	1117	28	0	818	0	4	30	24	0	0	0	0
509-60min	0	14	555	4	0	1394	0	5	31	24	0	0	0	0
510-120min	0	13	850	4	2	1096	0	17	13	32	0	0	0	0
510-30min	0	19	836	3	2	1088	0	14	30	35	0	0	0	0
510-60min	0	13	751	5	0	1164	0	13	47	34	0	0	0	0
515-120min	0	13	1065	69	0	812	0	0	40	28	0	0	0	0
515-30min	0	11	893	10	0	1046	0	0	31	36	0	0	0	0
515-60min	0	15	934	49	0	993	0	0	21	15	0	0	0	0
517-120min	0	4	782	10	0	1165	0	0	40	26	0	0	0	0
517-30min	0	5	1066	6	0	895	0	0	29	26	0	0	0	0
517-60min	0	5	930	1	0	1027	0	4	28	32	0	0	0	0
518-30min	0	0	868	19	0	1069	0	2	32	37	0	0	0	0
518-60min	0	11	728	74	0	1193	0	0	11	10	0	0	0	0
519-30min	0	20	444	0	0	1494	0	4	29	36	0	0	0	0
519-60min	0	10	236	0	0	1738	0	0	21	22	0	0	0	0
521-30min	0	7	778	4	0	1175	0	0	27	36	0	0	0	0
521-60min	0	9	725	7	0	1261	0	0	9	16	0	0	0	0
522-30min	0	15	879	5	2	1084	0	12	21	9	0	0	0	0
522-60min	0	32	469	0	5	1461	0	7	37	16	0	0	0	0
523-120min	0	6	591	0	0	1373	0	4	8	45	0	0	0	0
523-60min	0	9	681	4	0	1257	0	6	12	58	0	0	0	0
524-120min	0	9	956	13	0	1000	0	3	3	43	0	0	0	0
524-30min	0	0	790	9	0	1145	0	4	35	44	0	0	0	0
524-60min	0	6	933	26	0	1025	0	0	7	30	0	0	0	0
527-30min	0	18	897	0	4	1069	0	0	22	17	0	0	0	0
528-120min	0	9	546	3	2	1377	0	11	26	53	0	0	0	0
528-30min	0	18	962	2	0	975	0	9	17	44	0	0	0	0
528-60min	0	11	538	0	0	1402	0	3	21	52	0	0	0	0
529-120min	0	14	829	43	4	1052	0	0	42	43	0	0	0	0
529-30min	0	18	829	48	8	1067	0	0	38	19	0	0	0	0
529-90min	0	13	1055	24	0	859	0	0	23	53	0	0	0	0
529W-120min	0	27	631	14	0	1268	0	2	40	45	0	0	0	0
529W-30min	0	24	958	9	0	981	0	2	34	19	0	0	0	0
529W-60min	0	39	659	9	0	1281	0	4	20	15	0	0	0	0
530-120min	0	26	1140	23	0	696	0	0	138	4	0	0	0	0
530-30min	0	22	1321	18	0	525	0	0	141	0	0	0	0	0
530-60min	0	22	1153	10	0	714	0	0	127	1	0	0	0	0
531-120min	0	7	651	24	7	1311	0	0	26	1	0	0	0	0
531-60min	0	13	857	12	4	1084	0	0	51	6	0	0	0	0
533-30min	0	25	480	0	5	1454	0	9	27	27	0	0	0	0
533-60min	0	16	209	0	10	1739	0	5	37	11	0	0	0	0
534-120min	0	27	1192	9	0	750	0	0	25	24	0	0	0	0
534-60min	0	39	1063	23	0	834	0	0	55	13	0	0	0	0
535-120min	0	12	815	27	3	1073	0	1	25	71	0	0	0	0
535-150min	0	6	797	9	1	1113	0	5	40	56	0	0	0	0
535-30min	0	5	923	9	2	1013	0	5	27	43	0	0	0	0
535-60min	0	20	754	31	5	1125	0	3	28	61	0	0	0	0
536-30min	0	20	984	0	0	951	0	16	29	27	0	0	0	0
538-120min	0	28	643	0	0	1260	0	3	20	73	0	0	0	0
538-30min	0	14	929	0	0	989	0	5	20	70	0	0	0	0
538-60min	0	11	568	1	0	1347	0	0	23	77	0	0	0	0
540-120min	0	17	1220	22	9	724	0	0	33	2	0	0	0	0
540-240min	0	16	1218	31	27	686	0	3	44	2	0	0	0	0
540-30min	0	2	1170	21	19	767	0	0	45	3	0	0	0	0
540-60min	0	27	1069	22	28	847	0	0	34	0	0	0	0	0
541-30min	0	12	349	0	0	1593	0	6	31	36	0	0	0	0
541-60min	0	13	207	0	0	1767	0	7	10	23	0	0	0	0
542-120min	0	3	1229	71	12	671	0	0	41	0	0	0	0	0
542-180min	0	5	1190	96	23	676	0	0	37	0	0	0	0	0
542-30min	0	17	1250	79	19	611	0	0	50	1	0	0	0	0
542-60min	0	10	1211	66	5	685	0	0	50	0	0	0	0	0
543-60min	0	27	223	0	7	1743	0	7	20	0	0	0	0	0
544-30min	0	9	633	0	0	1309	0	5	20	51	0	0	0	0
544-60min	0	21	198	0	0	1748	0	7	29	24	0	0	0	0
545-120min	0	30	703	0	3	1256	0	0	25	10	0	0	0	0
545-30min	0	40	949	0	0	1006	0	0	26	6	0	0	0	0
545-60min	0	26	952	0	0	1034	0	0	10	5	0	0	0	0
546-30min	0	31	1049	1	2	918	0	2	18	6	0	0	0	0
546-60min	0	31	841	0	2	1117	0	2	24	10	0	0	0	0
547-120min	0	19	151	0	0	1771	0	5	63	18	0	0	0	0
547-30min	0	20	353	0	0	1602	0	5	30	17	0	0	0	0
547-60min	0	29	115	0	0	1844	0	0	29	10	0	0	0	0
547W-30min	0	9	1108	6	0	836	0	2	32	34	0	0	0	0
547W-60min	0	13	773	0	0	1156	0	2	34	49	0	0	0	0
547W-90min	0	10	700	7	0	1220	0	3	44	43	0	0	0	0
548W-120min	0	36	753	21	0	1163	0	4	34	16	0	0	0	0
548W-180min	0	24	667	11	0	1237	0	3	74	11	0	0	0	0
548W-30min	0	21	855	36	0	1077	0	2	26	10	0	0	0	0
548W-60min	0	23	776	13	0	1156	0	0	40	19	0	0	0	0
549-120min	0	3	957	6	0	1003	0	3	13	42	0	0	0	0
549-30min	0	32	935	3	3	973	0	7	26	48	0	0	0	0
549-60min	0	24	954	0	0	992	0	0	6	51	0	0	0	0
550-120min	0	24	723	25	0	1147	0	5	76	27	0	0	0	0
550-30min	0	30	997	16	0	895	0	4	50	35	0	0	0	0
550-30min-2	0	28	1008	20	0	905	0	5	35	26	0	0	0	0
550-60min	0	10	598	20	0	1307	0	5	55	32	0	0	0	0
553-120min	0	7	1069	21	7	869	0	3	40	11	0	0	0	0
553-30min	0	20	1068	11	5	866	0	2	47	8	0	0	0	0
553-60min	0	8	1089	13	5	866	0	0	34	12	0	0	0	0
556-120min	0	8	679	16	0	1234	0	0	27	63	0	0	0	0
556-30min	0	9	1042	16	0	897	0	5	17	41	0	0	0	0
557-120min	0	4	118	0	0	1875	0	0	30	0	0	0	0	0
557-30min	0	19	551	0	0	1425	0	7	25	0	0	0	0	0
557-60min	0	19	193	0	0	1764	0	5	42	4	0	0	0	0
558-30min	0	27	483	0	10	1429	0	5	33	40	0	0	0	0
558-60min	0	39	400	0	6	1496	0	6	39	41	0	0	0	0
559-30min	0	18	487	3	11	1443	0	14	42	9	0	0	0	0
559-60min	0	14	201	0	8	1765	0	2	35	2	0	0	0	0
560-120min	0	15	987	10	0	978	0	6	17	14	0	0	0	0
560-60min	0	25	1112	6	0	867	0	0	12	5	0	0	0	0
561-120min	0	15	860	23	3	1034	0	17	37	38	0	0	0	0
561-30min	0	13	1002	11	0	917	0	15	29	40	0	0	0	0
561-60min	0	12	1044	20	0	913	0	1	7	30	0	0	0	0
562-120min	0	2	745	13	0	1168	0	6	50	43	0	0	0	0
562-30min	0	9	984	34	0	935	0	2	41	22	0	0	0	0
563-30min	0	15	751	5	35	1166	0	0	25	30	0	0	0	0
563-60min	0	17	973	13	0	979	0	0	11	34	0	0	0	0
564-30min	0	19	758	0	7	1163	0	14	43	23	0	0	0	0
564-60min	0	13	409	0	5	1525	0	6	50	19	0	0	0	0
565-120min	0	13	834	36	8	1068	0	10	14	44	0	0	0	0
565-30min	0	14	712	33	8	1222	0	6	6	26	0	0	0	0
565-60min	0	16	713	26	0	1214	0	9	13	36	0	0	0	0
571-120min	0	11	295	0	5	1671	0	4	22	19	0	0	0	0
571-30min	0	25	824	0	6	1113	0	25	21	13	0	0	0	0
571-60min	0	17	283	0	6	1657	0	11	33	20	0	0	0	0
572-120min	0	15	863	3	2	1115	0	4	13	12	0	0	0	0
572-30min	0	31	598	0	3	1340	0	3	27	25	0	0	0	0
572-60min	0	53	904	5	0	1024	0	3	24	14	0	0	0	0
573-120min	0	15	767	1	0	1190	0	0	12	42	0	0	0	0
573-60min	0	10	822	3	5	1142	0	0	18	27	0	0	0	0
600-120min	0	18	930	0	0	1026	0	0	22	31	0	0	0	0
600-30min	0	20	1009	0	7	947	0	3	25	16	0	0	0	0
600-60min	0	10	1060	0	0	912	0	0	18	27	0	0	0	0
601-30min	0	4	1150	0	0	845	0	13	7	8	0	0	0	0
601-60min	0	14	693	0	0	1250	0	18	43	9	0	0	0	0
602-120min	0	14	1120	12	0	842	0	0	13	26	0	0	0	0
602-30min	0	11	785	0	2	1195	0	0	13	21	0	0	0	0
602-60min	0	23	995	7	0	974	0	0	16	12	0	0	0	0
603-120min	0	16	441	0	0	1556	0	5	5	4	0	0	0	0
603-30min	0	16	379	4	4	1589	0	3	28	4	0	0	0	0
603-60min	0	24	522	3	5	1442	0	7	14	10	0	0	0	0
605-120min	0	6	956	29	0	993	0	5	11	27	0	0	0	0
605-30min	0	18	715	9	0	1178	0	13	34	60	0	0	0	0
605-60min	0	0	804	5	0	1183	0	5	12	18	0	0	0	0
606-120min	0	26	396	0	8	1539	0	1	41	16	0	0	0	0
606-30min	0	6	733	0	4	1256	0	0	9	19	0	0	0	0
606-60min	0	12	380	0	4	1569	0	5	38	19	0	0	0	0
607-30min	0	21	828	4	19	1096	0	12	31	16	0	0	0	0
607-60min	0	22	568	4	6	1381	0	9	25	12	0	0	0	0
