sampleID	f_Atopobiaceae	g_Enterorhabdus	g_Bacteroides	g_Odoribacter	g_Muribaculum	f_Muribaculaceae;g_mouse gut metagenome	f_Muribaculaceae;g_uncultured Bacteroidales bacterium	f_Muribaculaceae;g_uncultured bacterium	f_Muribaculaceae	g_Alloprevotella	g_Prevotellaceae UCG-001	g_Alistipes	g_Rikenellaceae RC9 gut group	g_Parabacteroides	o_Gastranaerophilales;f_uncultured bacterium;g_uncultured bacterium	o_Gastranaerophilales	g_Mucispirillum	g_Enterococcus	g_Lactobacillus	g_Streptococcus	g_Christensenellaceae R-7 group	f_Christensenellaceaeg_uncultured	f_Clostridiales vadinBB60 group;g_uncultured Clostridia bacterium	f_Clostridiales vadinBB60 group;g_uncultured bacterium	f_Clostridiales vadinBB60 group	g_Defluviitaleaceae UCG-011	g_Anaerofustis	g_Anaerovorax	g_Family XIII AD3011 group	g_Family XIII UCG-001	g_[Eubacterium] brachy group	g_[Eubacterium] nodatum group	f_Lachnospiraceae;g_A2	f_Lachnospiraceae;g_ASF356	g_Acetatifactor	g_Blautia	f_Lachnospiraceae;g_GCA-900066575	g_Lachnoclostridium	g_Lachnospiraceae FCS020 group	g_Lachnospiraceae NK4A136 group	g_Lachnospiraceae UCG-001	g_Lachnospiraceae UCG-006	g_Lachnospiraceae UCG-010	g_Marvinbryantia	g_Roseburia	g_Tyzzerella	g_Tyzzerella 3	g_[Eubacterium] xylanophilum group	f_Lachnospiraceae;g_uncultured	f_Lachnospiraceae	g_Peptococcus	f_Peptococcaceae;g_uncultured	g_Anaerotruncus	g_Angelakisella	g_Butyricicoccus	g_Candidatus Soleaferrea	f_Ruminococcaceae;g_GCA-900066225	g_Harryflintia	g_Intestinimonas	g_Negativibacillus	g_Oscillibacter	g_Ruminiclostridium	g_Ruminiclostridium 5	g_Ruminiclostridium 6	g_Ruminiclostridium 9	g_Ruminococcaceae NK4A214 group	g_Ruminococcaceae UCG-003	g_Ruminococcaceae UCG-004	g_Ruminococcaceae UCG-005	g_Ruminococcaceae UCG-009	g_Ruminococcaceae UCG-010	g_Ruminococcaceae UCG-013	g_Ruminococcaceae UCG-014	g_Ruminococcus 1	f_Ruminococcaceae;g_UBA1819	g_[Eubacterium] coprostanoligenes group	f_Ruminococcaceae;g_uncultured	f_Ruminococcaceae	g_Candidatus Stoquefichus	g_Erysipelatoclostridium	g_Faecalibaculum	g_Turicibacter	f_Erysipelotrichaceae;g_uncultured	f_Erysipelotrichaceae;g_uncultured bacterium	f_Erysipelotrichaceae	g_Candidatus Saccharimonas	g_Azospirillum sp. 47_25	o_Rhodospirillales;f_uncultured;g_unidentified rumen bacterium RF32	g_Bilophila	g_Desulfovibrio	f_Desulfovibrionaceae;g_uncultured	g_Parasutterella	g_Escherichia-Shigella	g_Anaeroplasma	o_Mollicutes RF39;f_metagenome;g_metagenome	o_Mollicutes RF39;f_uncultured Firmicutes bacterium;g_uncultured Firmicutes bacterium	o_Mollicutes RF39;f_uncultured Lachnospiraceae bacterium;g_uncultured Lachnospiraceae bacterium	o_Mollicutes RF39;f_uncultured bacterium;g_uncultured bacterium	o_Mollicutes RF39;f_unidentified;g_unidentified	o_Mollicutes RF39	g_Akkermansia
495-120min	0	8	99	36	20	12	44	219	98	18	124	81	27	2	29	4	0	0	431	0	0	0	0	9	0	3	0	0	1	0	0	2	1	0	0	5	5	0	0	53	26	5	0	20	1	0	1	0	1	96	0	1	2	0	12	0	0	0	0	0	0	9	4	0	0	0	0	0	0	2	0	0	46	36	2	8	2	19	3	0	0	0	9	0	0	2	6	0	0	2	7	8	0	5	0	0	0	1	0	3	0
495-180min	0	9	54	75	24	9	35	154	88	9	72	115	10	0	16	6	3	0	183	0	0	0	0	17	0	0	0	0	0	0	0	0	4	1	0	11	4	0	0	183	27	0	0	24	3	0	4	0	3	221	0	4	8	0	39	0	0	1	1	0	0	33	12	4	0	0	8	3	4	2	0	2	38	54	2	3	3	41	0	0	0	0	6	0	0	2	0	0	0	3	20	5	0	7	0	0	0	1	0	0	0
495-30min	0	13	44	38	41	17	72	222	91	7	60	39	9	0	5	3	6	0	186	0	0	0	0	12	0	7	0	0	0	3	0	0	5	0	0	12	10	0	0	152	18	0	0	26	8	0	0	0	10	228	0	6	24	0	27	0	0	0	0	0	4	15	26	5	14	0	7	5	0	0	0	2	78	15	2	5	0	35	4	0	0	0	12	0	0	2	0	0	0	6	10	8	0	14	0	0	0	0	0	0	0
495-60min	0	2	68	38	35	18	56	233	95	12	94	80	7	0	9	5	4	0	203	0	0	0	0	14	0	3	0	0	0	0	0	6	2	4	3	11	1	0	0	137	37	1	0	18	5	0	1	0	5	183	0	2	9	0	28	0	0	0	3	0	4	37	6	1	3	0	10	0	3	6	0	1	56	30	2	2	0	27	1	0	0	0	13	0	0	2	0	0	0	2	9	12	0	8	0	0	0	0	2	1	0
496-30min	0	17	62	47	20	0	40	93	76	1	0	151	29	0	0	0	0	0	124	4	0	0	0	3	0	0	0	0	0	0	0	0	10	4	7	8	11	42	0	207	0	8	0	6	38	0	0	32	26	282	0	3	4	0	11	0	0	0	0	0	5	43	16	32	9	1	0	6	0	3	0	1	35	8	9	3	0	23	0	0	0	0	0	5	0	4	0	0	0	15	43	3	0	28	0	0	0	9	0	0	3
496-60min	0	7	24	24	5	0	13	24	30	0	0	117	8	0	0	3	0	0	80	0	0	0	0	10	0	0	0	1	0	0	1	0	10	5	5	12	27	38	0	225	0	10	0	4	50	5	3	30	25	479	0	5	13	6	16	1	0	0	3	0	16	48	25	39	16	3	0	8	0	1	0	1	43	0	7	2	4	30	2	0	0	0	2	1	0	6	0	0	3	12	58	0	0	20	0	0	0	2	0	2	0
497-120min	0	9	108	26	6	0	74	171	117	14	28	207	13	0	0	0	0	0	263	0	0	0	0	3	0	0	0	0	0	0	0	0	1	0	0	0	6	0	0	84	0	8	0	49	7	0	2	7	12	95	0	2	4	0	5	0	0	0	0	0	0	24	10	0	4	4	9	2	0	0	0	10	124	68	2	5	0	16	0	0	13	0	6	0	0	0	4	0	0	0	21	4	0	10	0	0	0	13	0	0	0
497-180min	3	0	89	32	7	0	59	184	102	19	22	185	15	0	0	1	0	0	194	0	0	0	0	4	0	3	0	0	0	0	0	3	0	12	1	0	6	0	0	144	11	5	0	17	12	2	3	10	23	101	0	7	4	0	26	0	0	0	3	0	10	34	13	0	0	0	0	0	0	2	0	2	138	57	0	4	0	18	0	0	8	0	3	0	0	0	3	0	2	9	26	2	0	15	0	0	0	15	0	0	0
497-30min	0	9	105	16	7	0	98	253	195	20	26	109	5	0	0	4	0	0	133	0	0	0	0	3	0	0	0	0	1	0	2	2	3	4	0	0	3	4	0	86	3	7	0	41	10	0	0	5	4	109	0	1	10	2	25	0	0	0	0	0	6	8	7	0	8	3	0	6	0	0	0	6	156	37	0	6	3	21	3	0	24	0	9	0	0	0	3	0	0	2	10	9	0	17	0	0	0	21	0	0	0
497-60min	0	11	64	28	11	0	55	223	130	20	22	192	6	0	0	0	0	0	181	0	0	0	0	7	0	1	0	0	1	0	0	0	1	4	0	0	7	0	0	141	5	12	0	33	8	2	3	13	14	109	0	2	4	0	17	0	0	0	0	0	5	9	9	0	0	0	0	5	3	4	0	11	119	56	0	6	0	23	1	0	7	0	10	0	0	4	0	0	3	1	24	6	0	19	0	0	0	18	0	0	0
499-30min	5	10	46	28	12	2	181	206	149	15	10	98	16	0	0	0	1	0	336	3	0	0	0	5	0	0	0	0	2	0	0	0	9	0	0	0	0	13	0	45	0	6	0	0	6	2	1	0	11	160	0	2	0	0	2	0	0	0	0	0	15	35	0	4	4	0	10	4	0	2	1	8	47	73	2	0	0	24	3	0	4	0	10	0	0	6	0	0	1	3	3	9	0	18	0	0	0	0	0	2	0
499-60min	0	14	24	37	0	3	85	103	89	9	7	87	9	0	0	0	0	0	472	3	0	0	0	11	0	2	0	0	0	0	0	0	21	0	0	8	0	40	0	66	0	8	0	0	5	0	2	6	0	224	0	7	3	0	7	0	0	0	0	0	15	24	0	6	10	0	0	6	0	5	0	12	66	73	3	0	0	31	2	0	0	0	7	0	0	5	0	0	0	8	7	2	0	34	2	0	0	0	0	0	0
500-120min	2	5	58	32	17	16	38	242	170	5	67	120	30	0	5	4	2	0	333	3	0	0	0	4	0	2	0	0	1	0	0	0	4	20	0	0	0	4	0	63	10	8	0	32	10	0	1	0	0	152	0	0	9	0	8	0	0	0	0	0	5	2	3	2	7	0	0	0	0	0	0	2	46	58	6	6	0	16	6	0	3	0	3	0	0	2	0	0	1	0	4	7	0	11	0	0	1	0	0	2	0
500-30min	0	5	64	24	13	16	58	190	200	2	39	60	11	2	2	8	0	0	210	0	0	0	0	6	0	1	0	0	0	2	0	2	6	54	0	0	5	6	0	72	37	10	0	24	13	0	0	0	7	185	0	4	30	4	21	0	0	0	0	0	12	39	17	7	17	0	0	5	3	3	0	4	44	8	11	3	0	33	9	0	2	0	8	3	2	3	0	0	0	12	7	10	0	10	0	0	3	2	0	0	0
500-60min	1	9	83	13	19	16	44	258	236	0	78	112	12	0	6	2	0	0	340	2	0	0	0	4	0	0	0	0	0	0	0	0	0	20	0	0	6	0	0	60	8	5	0	27	0	0	0	0	12	88	0	3	8	4	4	0	0	0	0	0	0	11	4	7	5	0	0	0	0	0	0	2	63	38	0	8	0	7	11	0	0	0	5	0	0	0	0	0	0	0	4	3	0	16	0	0	2	4	0	0	0
501-30min	6	12	134	39	37	0	111	136	101	0	3	44	23	1	0	2	2	0	117	5	0	0	0	10	1	0	0	0	0	0	2	0	24	3	0	3	26	30	0	112	0	3	0	26	23	6	0	12	18	286	4	4	11	5	0	0	4	0	0	1	3	47	8	11	5	1	13	4	0	6	0	2	24	68	2	0	9	28	2	0	2	0	3	0	0	1	0	0	0	11	7	3	0	22	0	0	0	1	0	0	0
501-60min	7	14	91	35	18	0	80	82	57	0	2	27	10	0	1	7	0	0	64	2	0	0	0	11	0	0	0	0	0	0	0	3	32	6	0	5	31	45	0	220	0	9	0	18	36	0	0	16	33	356	3	8	10	7	4	0	0	0	0	0	0	55	9	9	0	0	23	0	0	6	0	7	11	89	7	0	7	34	0	0	0	0	0	0	0	4	0	0	0	18	13	7	0	15	0	0	0	6	0	0	0
502-120min	5	5	73	25	21	4	66	259	257	28	41	146	11	0	12	0	0	0	295	3	6	0	0	3	0	3	0	0	0	0	0	0	0	8	3	0	0	0	0	18	0	0	0	42	11	0	0	1	0	57	0	3	0	0	3	0	0	0	0	0	0	3	11	0	0	1	0	0	0	0	0	0	73	96	0	8	0	10	11	0	4	0	0	0	0	0	0	0	0	1	3	23	0	15	0	0	0	2	0	0	0
502-30min	0	6	48	16	18	3	65	217	269	6	42	58	5	0	3	0	0	0	191	0	0	0	0	4	0	2	0	0	1	0	0	7	0	10	6	0	8	0	0	150	11	10	0	22	68	1	0	7	17	115	0	4	2	0	31	0	0	0	3	0	0	30	12	1	11	0	6	0	0	3	0	0	59	38	6	11	0	17	0	0	0	0	0	2	0	0	0	0	0	7	15	12	0	10	0	0	0	4	0	0	0
502-60min	1	17	65	21	24	0	70	241	301	19	40	116	18	0	7	1	0	0	275	2	0	0	0	2	0	5	0	0	2	0	0	8	0	5	0	0	0	0	0	32	4	0	0	38	22	0	0	0	0	29	0	2	0	3	9	0	0	0	0	0	0	0	2	0	4	0	0	0	2	0	0	0	70	92	2	19	0	16	12	0	3	0	6	0	2	0	0	0	0	7	7	24	0	15	0	0	0	8	0	0	0
503-30min	0	13	38	40	6	4	183	183	154	0	7	49	15	0	0	2	3	0	236	1	0	0	0	6	0	0	0	2	0	0	3	0	27	12	5	0	10	51	3	67	0	9	0	0	10	0	6	2	7	236	0	2	4	0	5	0	0	0	0	0	14	44	9	2	12	0	15	4	0	0	0	3	30	40	2	10	0	45	2	0	0	0	0	0	0	0	0	0	0	6	3	3	0	25	0	0	0	0	0	0	0
503-60min	0	0	20	52	0	0	86	80	80	0	8	51	2	0	0	3	0	0	220	2	0	0	0	19	0	0	0	0	2	0	0	0	20	9	6	0	18	61	0	148	0	17	0	0	24	3	12	5	27	391	0	3	2	0	7	0	0	0	0	0	5	62	14	7	27	4	10	0	0	0	0	0	42	41	0	4	0	39	0	0	0	0	0	0	0	0	0	0	0	6	2	0	0	26	0	2	0	0	1	0	0
506-120min	4	19	31	36	7	3	72	286	88	0	23	169	9	3	2	2	0	0	462	1	0	0	0	12	0	0	0	0	0	0	0	0	10	5	3	3	0	0	0	87	0	4	0	8	3	0	7	0	5	125	0	0	0	0	4	0	0	0	7	0	0	16	5	0	0	0	0	3	0	3	0	0	66	31	1	1	0	12	0	0	0	0	3	0	0	3	0	0	0	7	0	4	0	14	0	0	0	0	0	1	0
506-30min	4	7	8	27	6	5	176	246	160	0	11	58	4	0	0	0	0	0	152	2	0	0	0	11	0	0	0	3	0	0	4	2	31	11	9	9	15	19	0	176	0	0	0	4	8	0	6	0	11	193	0	2	5	0	14	0	0	0	8	0	7	60	19	1	10	0	0	0	0	3	0	0	80	12	4	0	0	24	0	0	0	0	3	0	0	0	0	0	0	19	3	9	0	9	0	0	0	0	0	0	0
506-60min	3	8	22	43	0	6	81	266	140	0	21	185	6	2	0	0	0	0	443	3	0	0	0	18	0	0	0	0	0	0	0	3	7	7	4	1	3	0	0	64	0	0	0	5	0	0	10	0	6	109	0	3	1	0	0	0	0	0	0	0	0	18	0	0	4	0	0	0	0	0	0	3	78	45	0	0	0	14	0	0	0	0	3	0	0	0	0	0	0	2	0	7	0	24	0	0	0	2	0	0	0
507-120min	0	3	134	11	0	6	65	232	82	0	82	205	34	0	4	2	0	0	348	6	1	0	0	4	0	0	0	0	2	0	0	2	6	0	0	11	6	0	0	70	0	0	2	11	33	0	1	0	7	119	0	4	4	0	7	0	0	0	0	0	7	23	12	5	3	3	0	0	0	3	0	7	10	41	6	0	4	7	2	0	1	0	9	0	0	0	0	0	0	1	12	3	0	7	0	0	0	0	0	0	0
507-30min	0	11	210	8	8	4	126	201	136	0	117	113	33	4	0	2	0	0	316	1	2	0	0	7	0	2	0	0	0	0	0	4	3	4	0	7	2	0	0	62	0	0	0	14	11	0	0	0	2	92	0	1	0	0	4	0	0	0	0	0	3	21	15	1	0	0	0	1	0	3	0	10	19	30	1	0	6	4	10	0	3	0	10	0	0	0	0	0	0	0	4	6	0	16	0	0	0	0	0	0	0
507-60min	0	3	128	13	0	7	94	223	82	0	97	196	16	0	1	0	0	0	359	3	0	0	0	5	0	1	0	0	5	0	0	2	5	7	0	5	0	0	0	54	0	0	0	17	21	0	5	2	5	132	0	1	0	1	7	0	0	0	0	0	10	17	6	3	0	0	0	0	0	1	0	10	30	26	5	2	11	17	0	0	0	0	14	0	0	0	0	0	0	2	9	0	0	9	0	1	0	0	0	0	0
508-120min	0	3	44	38	2	0	50	81	64	3	17	238	11	0	0	3	0	0	144	0	0	0	0	28	1	0	0	1	0	1	0	0	19	3	0	32	18	22	0	159	0	6	0	6	28	1	3	2	19	293	0	3	3	8	12	0	0	0	1	0	23	52	9	4	20	0	0	7	0	1	0	5	35	90	2	0	4	29	0	0	0	0	0	0	0	0	1	0	1	3	7	1	0	9	0	0	0	0	0	0	0
508-30min	4	14	87	40	15	0	112	224	168	20	20	168	19	0	0	3	0	0	143	1	0	0	0	8	0	0	0	0	3	0	0	3	23	0	0	19	9	24	0	98	0	9	0	8	16	3	0	0	8	142	0	2	1	2	7	0	0	0	0	0	12	26	1	0	6	0	0	0	0	1	0	6	45	81	1	0	0	20	0	0	10	0	4	0	0	2	7	0	0	0	4	7	0	11	0	0	0	0	0	3	0
508-60min	0	13	26	37	5	0	25	59	51	8	8	191	4	0	0	0	0	0	161	0	2	0	0	9	3	0	0	0	2	0	0	0	39	0	0	26	13	36	0	211	0	11	0	6	46	2	0	3	19	373	0	7	2	0	8	0	0	0	0	0	15	45	2	6	15	0	0	7	0	3	0	8	56	44	0	0	0	36	0	0	0	0	0	0	0	4	0	0	0	4	4	1	0	12	0	0	0	2	0	0	0
509-120min	0	7	33	61	9	0	37	147	126	0	33	179	0	0	9	0	0	0	144	0	0	0	0	19	0	0	0	0	0	2	0	0	22	4	3	12	18	11	0	127	0	5	0	32	24	0	13	0	6	275	3	2	4	1	9	0	0	0	0	0	24	41	4	0	13	0	0	3	0	0	0	3	59	26	0	0	0	54	0	0	0	0	0	1	0	3	0	0	0	3	21	7	0	25	0	0	0	0	0	6	0
509-30min	0	5	61	38	22	0	77	297	226	0	43	146	7	0	29	0	0	0	197	2	0	0	0	7	0	0	0	0	0	0	0	3	4	4	0	3	0	0	0	72	0	6	0	16	16	0	2	1	12	123	0	0	0	2	5	0	0	0	0	0	6	18	0	0	12	1	0	0	0	2	0	3	65	54	0	4	0	21	0	0	0	0	2	0	0	4	5	0	0	2	9	12	0	18	0	0	0	6	0	0	0
509-60min	0	11	32	37	8	0	13	109	86	0	19	163	0	0	2	0	0	0	168	1	0	0	0	13	0	0	0	2	3	0	3	4	25	3	0	12	25	11	0	191	0	10	0	28	33	0	11	0	15	296	0	3	6	4	12	0	0	0	0	0	14	34	8	0	13	0	0	2	0	2	0	5	108	27	1	3	0	44	0	0	0	0	0	2	0	3	0	0	1	5	14	5	0	14	0	0	0	3	2	1	0
510-120min	4	0	118	43	7	0	119	102	109	0	20	151	12	0	0	5	0	0	249	0	0	0	0	12	0	0	0	0	0	0	0	2	0	0	0	14	7	22	0	132	0	0	0	3	33	0	3	7	7	166	0	6	5	0	12	0	0	0	0	0	27	42	17	0	18	0	0	0	0	0	0	5	44	36	11	0	3	42	0	0	0	0	1	0	0	12	0	0	0	5	4	5	0	28	0	0	0	0	0	0	0
510-30min	5	9	122	61	13	0	140	116	131	0	13	87	30	0	0	4	1	0	256	3	0	0	0	11	0	0	0	0	0	0	0	0	2	0	2	8	15	0	0	90	0	4	0	14	13	0	2	7	5	192	1	5	4	0	8	0	0	0	0	0	16	41	7	0	11	0	0	3	3	2	1	0	53	51	5	0	0	36	1	0	1	0	2	0	0	11	0	0	0	8	5	5	0	32	0	0	0	0	0	2	0
510-60min	0	11	100	36	9	0	104	91	117	0	6	132	12	1	0	5	2	0	126	1	0	0	0	17	0	0	0	3	0	0	0	0	5	1	0	15	14	38	0	151	0	11	0	12	32	1	2	10	14	247	0	3	2	0	21	0	0	0	7	0	13	38	23	0	10	0	4	0	0	1	0	9	49	44	7	0	0	36	0	0	0	0	0	0	0	14	0	0	1	18	9	8	0	21	0	0	0	0	0	6	0
515-120min	0	13	92	4	4	12	51	230	167	101	82	87	43	2	41	0	0	0	346	0	2	0	0	5	0	2	0	0	1	0	0	0	6	5	0	0	0	14	0	61	14	0	0	2	2	0	0	0	0	20	0	2	11	0	1	0	0	0	0	0	0	8	5	0	3	1	0	0	0	2	0	5	109	23	0	6	0	7	6	2	8	0	2	0	0	0	0	0	0	0	3	34	0	9	0	0	0	12	0	2	0
515-30min	1	10	67	5	5	14	77	190	155	60	76	58	16	0	9	3	0	0	118	0	0	0	0	2	0	0	0	1	1	0	0	0	26	26	0	0	0	21	0	75	106	4	0	2	5	0	4	0	0	84	0	1	30	0	39	0	0	0	6	0	12	31	22	0	13	0	6	0	3	0	0	3	165	19	1	6	7	12	4	2	3	0	0	0	0	0	1	0	0	6	8	20	0	21	0	0	0	8	0	0	0
515-60min	2	9	61	4	1	15	51	187	154	83	88	93	32	1	49	1	0	0	444	1	2	0	0	2	0	3	0	0	7	0	0	0	16	0	0	0	1	10	0	49	13	3	0	2	1	0	0	0	0	10	0	0	6	0	6	0	0	0	0	0	5	6	7	0	2	0	0	0	0	0	0	5	134	28	0	6	2	2	15	0	10	0	3	0	0	0	1	0	0	0	2	23	0	6	0	0	0	6	0	0	0
517-120min	0	3	39	19	6	14	15	204	61	4	88	128	62	3	8	6	0	0	166	0	1	0	0	14	0	0	0	0	2	0	0	3	38	16	0	0	5	0	0	102	32	6	3	33	13	0	0	23	21	117	0	3	7	0	4	0	0	0	0	0	16	29	28	0	7	0	0	0	6	16	0	0	146	62	0	2	0	21	4	0	0	3	4	0	0	0	0	0	0	6	12	13	0	13	0	0	2	11	0	0	0
517-30min	0	3	85	26	11	23	59	278	117	14	121	81	40	2	7	0	0	0	225	0	3	0	0	7	0	3	0	3	0	0	0	3	14	0	0	0	9	0	1	49	11	3	0	10	0	0	0	3	9	31	0	0	3	0	4	0	0	0	0	0	10	15	17	0	0	0	0	0	1	4	0	1	225	81	0	2	3	2	9	0	4	3	2	0	0	0	0	0	0	0	2	12	0	12	0	0	0	7	0	0	0
517-60min	0	3	39	31	19	21	20	263	65	13	77	144	53	9	1	0	0	0	186	0	0	2	0	10	0	0	0	0	3	0	0	7	10	16	0	0	3	7	0	115	7	5	0	7	7	0	0	13	15	90	0	2	6	0	0	0	0	0	0	0	2	7	29	0	9	2	0	0	3	8	0	3	212	67	0	0	0	8	5	0	0	8	4	0	0	3	0	0	0	0	7	7	0	9	0	1	0	7	0	0	0
518-30min	0	0	74	14	5	2	52	219	161	2	65	90	15	0	16	1	0	0	118	0	0	0	0	12	0	3	1	0	0	0	0	0	48	0	0	0	8	0	0	152	26	11	0	8	14	0	10	0	10	146	0	0	28	0	48	0	0	0	0	0	20	26	20	0	0	0	5	0	0	0	0	0	126	20	2	4	6	24	0	0	6	0	0	0	0	2	0	0	2	7	4	6	0	24	0	0	0	7	0	0	0
518-60min	3	11	46	13	2	3	38	176	117	2	43	149	20	0	60	0	0	0	469	4	0	0	0	7	0	6	0	0	0	0	0	1	9	0	1	0	3	0	0	80	6	4	0	24	2	0	6	1	0	59	0	1	9	0	14	0	0	0	0	0	0	5	9	0	0	3	0	0	0	2	0	0	175	31	0	7	2	11	0	0	10	2	3	0	0	1	0	0	0	0	6	7	0	4	0	0	0	3	0	0	0
519-30min	0	17	17	33	7	0	100	96	83	0	5	40	13	0	0	0	0	0	287	2	0	0	0	13	0	0	0	1	0	0	0	0	6	3	3	31	17	0	0	204	19	11	0	0	15	0	1	9	3	351	0	1	4	0	14	0	0	0	0	0	13	54	13	0	15	2	0	6	0	4	0	3	26	30	7	0	0	47	0	0	0	0	0	0	0	2	0	0	1	0	18	0	0	23	0	0	0	0	0	0	0
519-60min	0	9	6	13	0	0	28	42	39	0	1	56	7	0	0	0	0	0	246	0	0	0	0	11	0	0	0	0	3	0	1	2	9	5	3	38	24	16	0	252	26	17	0	2	21	0	6	27	19	457	0	2	5	0	20	0	0	0	0	0	22	37	10	1	12	0	7	4	2	0	2	4	23	24	11	0	0	53	4	0	0	0	0	0	0	0	0	0	1	0	23	0	0	16	0	0	0	0	0	1	0
521-30min	0	3	70	20	13	0	85	153	151	2	46	51	11	1	3	4	0	0	178	0	0	0	0	3	0	2	0	0	0	0	0	3	14	2	0	0	13	4	0	108	41	10	0	25	47	2	6	0	6	186	0	2	16	0	34	0	0	0	4	0	13	34	21	10	4	2	7	3	7	2	1	5	106	5	11	0	3	23	0	0	2	37	2	0	0	0	0	0	0	8	8	2	0	30	0	0	0	4	0	1	0
521-60min	0	5	54	9	9	0	44	143	108	3	63	167	14	0	2	2	0	0	523	0	0	0	0	4	0	3	0	0	3	0	0	3	7	1	0	0	8	0	0	62	9	0	0	13	32	0	3	0	7	72	0	2	5	0	5	0	0	0	0	0	0	10	23	6	0	2	5	0	2	3	0	3	113	20	6	0	0	13	0	0	3	44	2	0	0	0	0	0	0	0	5	2	0	19	0	0	0	4	0	0	0
522-30min	1	11	67	26	8	0	138	173	136	0	8	129	15	0	2	2	2	0	185	1	0	0	0	7	0	0	0	0	0	0	0	1	12	3	0	25	13	36	0	166	0	5	0	3	16	2	2	0	12	236	0	4	3	0	8	1	0	0	0	0	18	27	6	4	8	0	0	0	0	3	0	0	47	17	2	0	4	43	0	0	3	0	3	0	0	8	0	1	2	6	2	0	0	5	0	0	2	0	0	0	0
522-60min	3	21	15	27	0	0	32	48	51	0	4	182	12	0	0	0	4	0	117	0	0	0	0	9	0	0	0	0	0	0	0	0	22	0	0	23	25	106	0	254	0	18	0	0	43	4	6	0	0	366	0	5	9	0	26	3	0	0	0	0	15	49	18	4	7	0	0	4	0	6	0	4	25	12	6	0	6	34	0	0	0	0	0	0	0	7	0	0	3	17	6	0	0	12	0	0	0	0	0	0	0
523-120min	0	5	12	39	0	2	38	115	60	7	7	211	15	0	0	0	0	0	200	0	0	0	0	14	0	2	0	0	0	0	0	0	35	0	0	13	11	12	0	211	0	0	0	0	39	0	5	0	10	340	0	2	0	6	19	0	0	0	0	0	12	29	7	24	17	0	0	0	0	3	0	0	71	9	2	0	0	24	0	0	0	0	0	0	0	0	0	0	3	2	0	0	0	33	0	0	0	2	0	2	0
523-60min	2	3	23	34	5	2	44	177	78	23	9	185	16	0	3	3	0	0	175	0	0	0	0	12	0	1	0	0	0	0	0	6	27	9	0	3	9	27	0	153	1	3	0	0	24	0	6	6	7	281	0	5	3	0	4	0	0	0	0	0	4	22	1	18	6	0	0	0	0	2	0	2	124	14	0	0	0	36	0	0	0	0	5	0	0	5	0	0	0	3	2	5	0	34	0	0	0	2	0	16	0
524-120min	0	7	73	8	11	0	60	196	205	9	70	107	16	0	9	1	0	0	329	0	0	0	0	12	0	4	0	0	2	0	0	4	0	4	0	7	10	0	0	87	22	9	0	20	10	0	0	0	2	160	0	0	0	0	5	0	0	0	0	0	9	15	17	1	7	0	0	0	0	4	0	1	80	7	6	0	0	16	3	0	0	4	0	0	0	3	2	0	0	0	0	0	0	29	0	0	0	4	0	3	0
524-30min	0	0	62	7	13	0	70	175	193	3	47	56	9	0	2	3	0	0	102	0	0	0	0	8	0	0	0	0	0	0	0	3	10	11	5	5	20	20	0	118	82	13	0	9	29	0	0	0	16	278	0	8	2	0	15	0	0	0	0	0	16	20	9	2	12	0	4	0	0	5	0	0	80	7	14	0	0	36	1	0	0	0	0	0	0	3	2	0	5	6	9	5	0	34	0	0	0	6	0	0	0
524-60min	0	11	80	4	14	0	48	203	176	3	97	96	12	1	20	3	0	0	418	2	1	0	0	0	0	3	0	0	0	0	0	6	0	7	0	4	11	0	0	47	33	0	0	14	14	0	0	0	6	120	0	1	3	0	7	0	0	0	0	0	1	13	5	1	5	0	0	0	0	3	0	2	94	12	5	0	0	25	4	0	2	0	0	0	0	0	0	0	0	0	2	3	0	26	0	0	0	1	0	1	0
527-30min	0	18	109	75	0	0	107	169	183	0	5	61	36	0	0	3	5	0	306	0	0	0	0	8	0	0	0	0	0	0	0	0	11	0	0	20	11	12	0	100	3	0	0	0	21	0	2	0	13	162	0	0	2	2	20	0	0	0	0	0	29	28	11	0	0	1	7	2	0	0	0	7	18	25	3	0	0	39	0	0	0	0	8	0	0	0	0	0	0	3	3	7	0	15	0	0	0	0	0	0	0
527-60min	0	13	26	79	0	0	31	50	81	0	4	38	20	0	0	5	2	0	385	0	0	0	0	10	0	0	0	2	0	0	0	0	19	0	0	39	17	0	0	192	0	3	0	4	22	0	0	0	21	345	0	5	0	0	36	0	0	0	0	0	9	28	14	0	19	0	8	0	0	4	0	7	28	21	0	0	0	47	0	0	0	0	9	0	0	0	0	0	0	10	0	0	0	17	0	0	0	0	0	0	0
528-120min	0	8	48	54	7	0	63	86	56	0	34	48	17	0	0	3	1	0	57	0	0	0	0	8	0	0	0	4	0	0	0	0	0	14	0	14	22	0	0	235	24	17	0	13	51	0	6	0	10	423	0	7	4	0	31	0	0	0	5	0	20	45	26	0	0	0	0	0	0	3	0	5	58	14	6	0	0	47	0	0	0	0	0	0	0	11	0	0	3	7	11	0	0	42	0	0	0	0	0	2	0
528-30min	0	8	102	41	22	2	128	177	187	0	60	53	30	0	1	2	0	0	130	0	0	0	0	5	0	0	0	1	2	0	0	0	3	5	2	5	3	0	0	121	11	7	0	11	14	0	0	0	5	225	0	0	0	0	19	1	0	0	0	0	11	22	18	2	5	0	0	0	0	3	0	2	95	32	5	0	0	36	0	0	7	0	0	0	0	7	0	0	3	3	9	0	0	20	0	0	0	1	2	4	0
528-60min	0	8	39	33	14	0	58	109	87	0	23	53	29	0	0	0	0	0	87	2	0	0	0	16	0	0	1	0	0	0	0	0	0	13	4	8	7	0	0	206	14	23	1	17	29	0	0	0	11	429	0	2	6	0	29	0	0	0	0	4	18	29	36	0	0	3	0	0	0	4	0	2	78	20	4	0	0	45	0	0	4	0	1	0	0	4	0	0	0	4	16	0	0	36	0	0	0	0	4	0	0
529-120min	0	11	64	43	4	11	22	228	44	0	155	120	22	0	28	1	0	0	309	0	0	0	0	2	0	0	0	0	0	2	0	0	12	13	0	0	1	29	0	64	11	0	0	14	2	0	0	0	14	70	0	4	19	2	4	0	0	0	0	0	10	17	16	12	5	4	0	0	3	2	0	0	130	15	11	19	0	13	2	11	0	0	6	2	0	0	0	1	4	9	2	13	0	31	0	3	2	2	0	0	0
529-30min	0	20	74	46	6	8	14	171	54	0	159	112	28	0	31	3	7	0	332	0	0	0	0	0	0	0	0	0	0	0	3	0	20	17	0	0	5	18	0	61	0	0	0	12	0	0	1	2	8	51	0	3	31	0	8	0	0	0	7	0	6	6	18	7	10	0	0	0	4	0	0	3	153	10	18	18	0	9	6	16	0	0	18	0	0	0	0	0	2	18	2	14	0	18	0	0	0	2	0	0	0
529-90min	0	10	71	48	5	11	32	269	63	0	204	128	34	0	20	1	0	0	238	0	0	0	0	4	0	0	0	0	0	0	0	0	10	12	0	0	1	14	0	50	0	0	0	0	0	0	5	0	10	61	0	4	27	8	0	0	0	0	0	0	4	7	12	11	8	3	0	0	0	0	0	0	120	11	9	27	0	10	8	19	0	0	21	0	0	0	0	0	0	4	0	14	0	39	0	0	0	3	0	0	0
529W-120min	11	0	55	67	4	0	76	135	115	0	29	39	5	0	5	5	0	0	220	0	0	0	0	19	0	0	0	3	3	0	0	4	9	3	0	5	5	34	0	182	15	9	1	17	43	0	7	4	33	197	0	5	3	0	25	0	0	0	0	0	16	23	30	0	6	0	16	2	2	5	0	6	19	46	5	0	0	12	0	0	8	0	10	0	0	1	0	0	0	8	17	10	0	36	0	0	0	0	0	0	0
529W-30min	17	5	78	26	11	0	160	183	208	0	59	29	17	0	3	3	0	0	422	0	0	0	0	3	0	5	0	0	0	0	0	10	0	0	0	4	0	13	0	91	2	0	0	26	12	0	2	0	3	68	0	0	0	3	8	0	0	0	0	0	3	3	11	0	0	0	2	0	2	0	0	10	27	32	0	0	0	17	9	0	21	1	15	0	0	2	3	0	0	1	1	18	0	21	0	0	0	0	0	0	0
529W-60min	14	8	37	27	1	0	75	169	131	0	27	47	1	0	4	4	0	0	594	0	0	0	0	4	0	0	0	0	1	0	0	4	2	0	0	0	4	23	0	113	4	6	0	31	23	0	1	2	11	97	0	0	0	0	5	0	0	0	0	0	8	4	18	0	5	0	0	0	0	4	0	9	46	36	3	0	0	7	1	0	21	0	7	0	0	2	0	0	0	2	4	9	0	13	0	0	0	0	0	1	0
530-120min	13	10	280	0	0	18	13	258	124	9	72	44	76	16	19	0	0	6	149	3	2	0	0	0	0	3	0	0	1	0	1	6	5	0	0	0	0	0	0	91	0	0	0	6	0	0	0	2	0	33	0	5	7	0	3	0	0	0	0	0	0	4	2	0	0	0	0	0	0	0	0	0	13	8	0	0	0	4	8	35	124	0	6	2	62	0	13	0	0	0	23	49	39	3	0	0	0	0	0	0	0
530-30min	13	4	291	1	0	16	10	275	210	6	64	67	101	9	13	0	0	8	75	0	0	3	0	0	0	4	0	0	2	0	0	2	1	0	0	0	0	0	0	52	0	0	0	8	0	0	0	6	1	22	0	3	2	0	5	0	0	0	0	0	0	0	2	0	0	0	0	0	0	0	0	0	17	6	0	3	0	0	5	62	130	0	6	0	47	0	6	0	0	0	4	65	41	0	0	0	0	2	0	0	0
530-60min	8	12	294	0	2	10	10	215	128	4	57	47	90	24	11	0	0	13	124	0	4	0	0	0	0	2	0	0	3	0	0	3	4	4	0	1	0	0	0	138	0	0	0	9	0	0	0	9	7	42	0	4	9	0	0	0	0	0	0	0	0	0	5	0	2	0	0	0	0	0	0	0	5	6	0	4	0	1	8	31	150	0	9	2	48	0	4	0	0	0	17	46	43	1	0	0	0	0	0	0	0
531-120min	4	5	183	0	2	0	10	122	39	3	61	31	85	11	14	0	5	0	269	1	0	0	0	1	0	0	0	0	0	0	0	0	0	14	0	2	10	64	3	123	10	3	0	17	13	1	0	21	4	248	0	4	1	0	0	0	0	0	0	5	13	3	5	0	9	0	0	0	0	5	0	0	6	13	0	7	0	13	82	73	14	0	0	0	16	0	0	0	0	0	6	15	0	1	0	0	0	0	0	0	0
531-30min	0	0	227	0	8	0	25	153	24	0	52	29	75	18	25	0	0	0	123	2	0	0	0	0	0	0	0	0	0	0	0	0	0	0	0	4	7	90	0	173	9	4	0	0	18	7	0	23	10	293	0	10	0	0	0	0	0	3	0	9	14	4	2	0	21	0	0	0	0	6	0	0	3	6	0	7	0	12	74	37	8	0	0	0	5	0	0	0	0	0	20	26	0	4	0	0	0	0	0	0	0
531-60min	3	7	265	0	7	0	10	141	54	0	77	31	93	22	10	0	2	0	146	3	0	0	0	0	0	1	0	2	0	0	0	5	0	0	0	4	6	64	3	109	10	2	0	16	16	7	0	15	14	226	0	7	2	0	0	0	0	0	0	4	12	10	2	0	15	0	0	0	0	2	0	0	0	13	0	6	0	16	86	62	15	0	0	0	7	0	0	0	0	0	12	19	0	9	0	0	0	0	0	0	0
533-30min	0	18	30	57	3	0	43	38	47	4	0	109	11	0	0	0	7	0	279	0	0	0	4	7	0	0	1	0	0	0	0	0	46	4	1	3	16	42	3	148	0	8	0	2	23	5	3	21	49	300	1	4	4	0	22	0	0	0	4	0	36	34	15	2	14	2	0	0	0	5	0	1	52	3	1	1	0	69	2	0	0	0	6	0	0	6	0	0	1	13	9	4	0	3	0	4	4	12	0	4	0
533-60min	0	5	9	29	0	0	3	7	12	0	0	110	0	0	0	0	7	0	113	0	0	0	1	12	0	0	0	0	0	1	0	0	72	0	3	0	10	51	7	207	0	33	0	0	90	6	5	33	34	459	1	6	8	4	38	2	0	1	6	2	41	42	26	5	28	0	0	0	0	7	0	3	44	4	1	2	0	47	0	0	0	0	0	0	0	1	0	0	3	16	6	0	0	0	0	1	0	3	0	3	0
534-120min	6	15	108	9	14	6	141	402	125	7	70	75	38	0	9	0	0	0	322	2	0	0	0	0	0	0	0	0	0	0	0	2	14	2	0	0	0	0	0	19	32	0	0	39	6	0	0	0	0	76	0	0	3	0	0	0	0	0	0	0	0	9	5	0	0	0	0	0	0	8	0	2	9	16	0	19	0	4	6	10	0	0	3	0	0	0	0	0	0	0	0	18	0	19	0	0	0	0	0	0	0
534-30min	9	15	88	6	0	16	118	287	89	0	33	38	33	0	6	0	6	0	310	0	0	0	0	0	0	0	0	0	0	0	0	0	93	13	0	11	6	0	0	74	21	0	0	28	23	0	0	0	14	156	0	0	27	0	0	0	0	0	5	0	0	18	0	0	0	0	0	0	0	4	0	4	25	7	0	8	0	4	10	16	0	0	0	0	0	0	0	0	0	0	7	27	0	15	0	0	0	0	0	0	0
534-60min	12	20	104	9	10	7	93	377	106	4	59	72	44	0	20	0	0	0	386	2	0	0	0	0	0	0	0	0	0	0	0	1	6	0	0	0	1	0	0	18	0	0	0	38	0	0	0	0	3	54	0	0	1	0	0	0	0	0	4	0	0	11	0	0	0	1	0	0	0	1	0	0	48	14	0	35	0	0	11	27	0	0	8	0	0	0	1	0	0	0	4	46	0	12	0	0	0	0	0	0	0
535-120min	2	6	53	23	20	18	35	212	125	0	63	88	68	0	13	5	3	0	264	1	3	0	0	7	0	5	0	0	2	0	0	2	2	0	0	4	3	2	0	51	19	0	0	14	36	0	0	3	1	108	0	1	14	0	0	0	0	0	0	0	3	7	4	0	0	2	0	0	2	3	0	5	158	14	1	17	3	4	3	6	0	77	2	9	4	1	3	0	0	0	7	7	0	42	0	0	0	10	0	0	0
535-150min	0	5	83	27	18	7	28	223	91	0	52	101	62	0	9	1	2	0	252	0	1	0	0	2	0	1	0	0	0	0	0	2	0	0	0	1	5	0	4	64	25	2	0	20	45	0	0	12	4	137	0	1	16	0	0	0	0	0	0	0	9	9	6	4	6	0	5	0	0	4	2	8	147	5	1	6	6	9	2	3	1	49	0	4	13	2	2	0	0	5	12	8	0	34	0	0	0	5	0	0	0
535-30min	0	2	73	26	23	19	38	232	115	0	58	98	33	0	7	0	0	0	190	0	3	0	0	2	0	1	0	0	2	0	0	3	0	0	0	1	0	0	0	53	16	1	0	17	34	0	0	6	0	125	0	4	12	0	0	0	0	2	0	0	7	8	4	0	6	0	0	0	0	2	0	10	266	7	0	18	4	9	6	1	0	40	0	4	9	2	5	0	0	0	8	14	0	37	0	0	0	7	0	0	0
535-60min	1	10	51	27	16	12	29	194	91	0	50	83	55	0	21	7	2	0	278	0	2	0	0	0	0	3	0	0	1	0	0	2	0	0	0	1	0	0	0	78	13	0	0	18	33	3	0	6	0	149	0	1	19	0	3	0	0	4	0	0	12	20	1	0	7	0	0	0	0	3	0	8	180	6	3	16	2	13	1	2	0	64	0	0	5	2	2	0	0	4	4	11	0	36	0	0	0	5	0	0	0
536-30min	0	8	139	61	6	0	146	164	197	0	0	97	28	0	0	0	0	0	293	0	0	0	0	16	0	0	0	0	0	0	0	0	33	4	3	15	7	5	0	46	0	7	0	15	9	6	3	1	11	140	2	1	6	0	0	0	0	0	0	0	14	30	4	4	0	0	0	0	0	6	0	0	31	8	0	3	0	33	5	0	0	0	3	2	0	12	0	0	0	5	5	18	0	6	0	0	0	12	0	0	0
536-60min	0	9	24	33	0	0	32	29	41	0	0	54	9	0	0	0	0	0	184	0	0	0	0	22	0	0	0	3	0	0	0	0	102	11	0	20	24	16	0	167	10	35	0	12	39	2	5	11	30	408	0	3	13	0	26	0	0	0	8	0	0	77	4	6	26	0	0	0	0	14	0	0	27	18	0	4	0	57	0	0	0	0	4	0	0	6	0	0	0	17	3	3	0	6	0	0	0	12	0	4	0
538-120min	7	9	20	59	0	0	54	161	149	0	0	52	20	0	0	0	0	0	207	1	0	0	0	24	0	0	0	3	0	0	0	0	0	4	5	2	4	15	3	225	0	12	0	26	57	0	9	14	15	210	0	6	0	3	6	0	0	0	7	0	17	52	11	4	0	3	0	0	0	4	1	0	20	27	0	0	0	37	0	0	7	6	1	0	0	5	0	0	0	6	3	12	0	51	0	0	0	11	0	3	0
538-30min	8	7	49	60	4	0	83	264	259	0	6	37	18	0	0	0	0	0	293	2	0	0	3	13	0	0	0	0	2	0	0	2	7	2	4	0	3	0	0	118	0	6	0	17	38	0	5	4	6	113	0	4	3	0	3	0	0	0	5	0	7	25	5	4	4	0	0	0	0	5	0	0	14	40	0	0	2	25	1	0	7	12	0	2	0	2	0	0	0	3	3	8	0	44	0	0	0	4	0	5	0
538-60min	2	4	22	59	0	0	43	137	148	0	1	39	10	0	0	1	0	0	197	1	0	0	1	36	0	0	0	0	2	0	0	0	3	6	6	2	0	12	0	218	8	4	0	26	56	0	15	13	16	245	0	3	7	0	10	0	5	0	2	0	22	51	6	5	12	1	0	0	0	8	0	0	21	39	0	0	4	41	0	0	3	7	4	0	0	0	0	0	0	6	2	5	0	56	0	3	0	12	1	1	0
540-120min	7	9	203	1	17	5	28	291	227	70	86	38	42	2	23	0	5	0	347	0	0	0	0	2	0	2	0	0	1	0	0	7	3	0	0	0	0	0	0	36	4	0	0	8	0	0	0	0	0	36	0	2	0	0	4	0	0	0	0	0	0	0	0	0	0	1	0	0	0	0	0	0	26	7	0	10	0	6	10	30	6	28	6	0	13	0	0	0	0	0	1	20	0	0	0	0	0	0	0	0	0
540-240min	9	11	207	3	11	6	41	273	204	60	106	48	31	0	14	0	20	0	249	0	0	0	0	0	0	0	0	0	0	0	0	3	0	14	0	3	0	14	0	40	5	0	0	17	0	0	0	0	0	38	0	2	2	0	1	0	0	0	0	0	0	0	2	0	0	0	0	0	0	0	0	0	34	4	1	7	0	9	13	45	14	38	6	0	23	2	0	0	0	0	9	31	0	0	0	0	0	0	0	0	0
540-30min	0	2	153	0	18	11	40	247	247	63	96	65	37	0	22	0	14	0	95	0	0	0	0	5	0	0	0	0	0	0	0	0	2	6	3	0	0	12	0	153	7	2	0	12	0	0	3	0	0	148	0	0	3	0	19	0	0	0	6	0	0	2	0	0	4	0	0	0	0	1	0	0	34	5	0	4	0	3	9	26	3	22	12	0	15	0	0	0	0	0	10	27	0	2	0	0	0	0	0	0	0
540-60min	3	15	162	2	19	7	34	243	198	46	60	53	29	0	16	0	31	0	243	0	0	0	0	8	0	4	0	0	3	0	0	2	0	0	0	4	0	11	0	116	11	0	0	22	0	0	0	0	5	106	0	1	3	0	4	0	0	0	5	6	1	0	0	0	0	0	0	0	0	0	0	0	20	2	0	5	0	11	18	31	3	29	20	0	26	1	0	0	0	0	10	21	0	0	0	0	0	0	0	0	0
541-30min	0	20	26	60	0	0	56	43	36	0	0	59	12	0	0	0	0	0	147	0	0	0	0	26	0	0	0	0	0	4	0	4	9	9	4	24	15	18	0	191	0	11	0	5	84	0	10	11	37	360	1	6	7	0	8	0	0	0	0	0	37	55	15	8	21	0	0	0	0	6	0	2	77	16	3	1	0	47	0	0	0	0	2	0	0	6	0	0	4	31	0	0	0	8	0	0	0	21	4	3	0
541-60min	0	12	16	39	0	0	24	21	17	0	0	52	3	0	0	0	0	0	211	2	0	0	0	11	0	0	0	0	0	0	0	2	16	10	0	25	21	48	0	189	0	16	4	3	111	0	9	10	69	411	0	3	5	0	11	0	0	0	0	0	15	48	13	5	26	0	0	0	0	10	0	0	66	11	4	0	0	63	0	0	0	0	4	0	0	5	0	0	0	11	0	0	0	8	0	0	0	7	3	0	0
542-120min	3	0	177	7	6	10	9	277	117	137	88	125	69	7	51	2	14	0	161	0	0	0	0	0	0	0	0	0	0	0	0	0	2	11	0	12	0	0	0	50	4	0	0	14	0	0	0	0	0	139	0	0	4	0	0	0	0	0	0	0	0	0	0	3	0	0	0	0	0	0	0	0	9	24	0	15	0	0	0	29	30	0	0	0	32	0	0	0	0	0	12	20	0	0	0	0	0	0	0	0	0
542-180min	0	3	247	9	0	9	11	255	102	97	80	102	79	3	67	8	19	0	146	0	0	0	0	0	0	0	0	0	0	0	0	5	9	8	0	8	0	0	0	36	1	0	0	24	0	0	0	0	2	123	0	3	1	0	3	0	0	0	0	0	4	0	0	0	7	0	0	0	0	0	0	2	18	31	0	14	0	1	3	31	30	0	1	0	39	0	3	0	0	0	7	19	0	0	0	0	0	0	0	0	0
542-30min	2	8	194	4	4	26	21	293	110	108	91	125	82	4	58	9	14	0	23	0	0	0	0	1	0	0	0	0	0	0	0	7	9	14	0	13	3	0	0	49	7	2	0	19	0	0	0	0	0	130	0	4	17	1	7	0	0	0	0	3	0	0	3	0	5	0	0	0	0	2	0	2	17	24	0	8	0	7	4	43	14	0	1	0	47	0	0	0	0	0	10	21	0	0	0	0	0	0	0	0	0
542-60min	0	7	147	7	3	15	23	282	114	104	85	140	59	2	60	6	3	0	137	0	0	0	0	0	0	2	0	0	0	0	0	5	6	8	0	6	2	0	0	52	3	0	0	26	0	0	0	0	2	128	0	5	4	0	3	0	0	0	0	0	0	0	1	0	6	0	0	0	0	1	0	3	20	27	0	22	0	4	0	37	25	0	2	0	40	0	0	0	0	0	6	30	0	0	0	0	0	0	0	0	0
543-60min	0	19	6	31	0	0	7	10	13	0	0	114	0	0	0	0	7	0	158	2	0	0	0	16	0	0	0	0	0	1	3	0	68	0	3	52	25	47	0	208	0	8	0	4	56	0	5	6	47	462	0	6	0	0	22	0	0	0	0	0	33	45	20	0	25	0	0	0	0	13	0	0	23	9	0	0	0	67	0	0	0	0	9	0	0	3	0	0	2	15	0	0	0	0	0	0	0	0	0	0	0
544-30min	0	5	51	64	0	0	112	115	91	0	0	76	8	0	0	0	0	0	274	4	0	0	3	20	0	0	0	0	0	2	1	1	0	12	0	18	6	31	1	105	0	14	0	0	32	1	0	8	36	315	0	3	1	0	4	0	0	0	0	0	24	52	8	0	14	0	0	0	0	8	0	0	28	0	2	1	0	50	2	0	0	0	6	0	0	2	0	0	0	8	1	6	0	17	0	0	8	16	0	3	0
544-60min	0	20	12	37	0	0	14	24	26	0	0	43	0	0	0	0	0	0	99	1	0	0	0	15	0	0	0	0	0	3	0	1	12	13	4	32	12	73	0	211	2	41	0	0	79	2	0	7	49	497	2	3	5	0	9	0	0	0	6	0	13	83	7	0	27	0	0	0	0	12	0	0	36	0	0	0	0	75	0	0	0	0	11	0	0	3	0	0	1	18	0	2	0	15	0	0	4	9	0	0	0
545-120min	11	12	31	104	0	4	71	141	67	4	3	108	17	0	0	0	3	0	168	2	2	0	0	10	0	0	0	0	0	2	0	6	24	18	0	0	0	35	0	135	9	0	0	0	97	0	9	7	40	300	0	7	0	0	14	0	0	0	0	0	0	54	18	1	10	0	0	0	2	4	0	8	6	9	0	6	11	23	0	0	8	0	13	0	0	0	0	0	0	12	3	6	0	15	0	0	0	0	0	0	0
545-30min	24	2	64	40	6	2	143	261	178	3	7	64	18	0	0	0	1	0	396	0	0	0	0	1	0	0	0	0	0	0	0	6	3	10	0	0	3	12	0	72	0	0	0	0	32	0	3	0	35	129	0	0	0	0	9	0	0	0	0	0	5	14	19	0	3	0	0	0	0	0	0	6	8	4	2	4	0	6	0	0	28	0	15	0	0	0	0	0	0	7	1	16	0	8	0	0	0	0	0	0	0
545-60min	11	7	59	44	9	6	103	233	160	4	8	97	27	1	0	0	2	0	494	4	3	0	1	3	0	0	0	0	0	2	0	0	3	6	0	0	0	0	0	77	0	0	0	0	28	0	3	5	13	138	0	0	0	0	4	0	0	0	0	0	0	6	12	0	0	0	0	0	0	1	2	3	4	11	0	6	4	11	3	0	20	0	15	0	0	0	0	0	0	0	0	12	0	5	0	0	0	0	0	0	0
546-30min	10	12	68	7	15	0	102	300	270	4	5	67	28	0	0	0	0	0	292	0	0	0	0	2	0	0	0	0	0	0	0	3	4	9	0	1	5	0	0	79	11	0	0	19	20	0	2	4	6	140	0	1	5	0	4	0	0	0	0	0	9	13	3	3	9	0	5	0	0	7	1	2	46	17	0	0	0	9	2	0	1	6	9	0	0	0	0	0	0	3	0	15	0	8	0	0	0	7	0	0	0
546-60min	12	24	38	12	5	0	60	252	175	11	4	105	26	0	0	0	1	0	372	3	0	0	0	15	0	0	0	0	0	0	0	4	8	7	0	0	7	6	0	86	8	0	0	14	34	0	0	12	2	183	0	1	5	1	4	0	0	2	0	0	13	4	2	4	0	0	3	0	0	6	0	0	46	27	4	6	0	11	3	0	1	3	7	4	0	2	0	0	0	10	0	9	0	2	0	0	1	2	0	1	0
547-120min	0	20	22	28	0	0	14	16	23	0	0	15	1	0	0	0	0	0	264	1	0	0	0	43	0	0	0	0	0	5	0	0	32	2	0	16	0	14	0	229	24	23	0	4	80	0	0	8	13	421	2	9	15	0	24	0	4	0	8	1	20	64	23	0	14	0	0	0	0	6	0	0	18	0	7	2	0	66	0	0	0	0	3	0	0	4	0	0	0	46	0	4	0	4	0	0	0	6	0	2	0
547-30min	0	24	36	41	0	0	67	44	80	4	0	15	6	0	0	0	0	0	286	0	0	0	0	36	0	0	0	0	0	2	0	2	23	11	5	19	15	8	0	142	11	8	0	13	35	0	7	7	29	370	1	4	4	0	12	0	0	0	3	0	26	73	8	2	9	0	0	0	0	10	0	0	46	0	5	1	1	54	1	0	0	0	15	2	0	5	0	0	0	23	4	6	0	5	0	0	0	2	0	2	0
547-60min	0	13	10	18	0	0	22	22	18	0	0	14	0	0	0	0	0	0	242	0	0	0	0	27	0	0	0	0	0	0	0	0	20	4	6	6	14	37	0	244	11	23	0	0	88	0	2	4	24	493	3	8	5	0	12	0	0	0	0	0	18	73	18	2	20	0	0	0	0	9	0	2	24	0	11	0	0	57	3	0	0	0	14	0	0	0	0	0	0	23	0	0	0	1	0	0	0	2	0	3	0
547W-30min	0	4	112	26	11	0	83	242	175	25	21	164	44	0	1	0	0	0	303	0	0	0	0	14	0	1	0	1	0	0	0	0	4	1	0	14	0	2	0	57	0	14	0	2	4	0	3	0	7	133	0	1	2	0	3	0	0	0	0	0	3	23	6	0	5	0	0	0	1	3	1	9	23	31	4	2	0	27	2	0	12	0	0	0	0	3	2	0	0	3	6	12	0	18	0	0	0	0	0	0	0
547W-60min	0	7	59	19	14	0	43	165	86	14	13	212	21	0	0	0	0	0	348	0	0	0	0	18	3	0	0	2	0	0	0	0	3	6	2	6	7	6	0	118	0	25	1	6	0	0	10	0	10	211	0	4	0	0	14	0	0	0	0	0	6	19	2	1	13	0	0	5	0	3	0	5	16	30	2	4	0	37	0	0	0	0	0	0	0	0	0	0	0	3	27	5	0	35	0	0	0	1	0	3	0
547W-90min	0	5	52	23	8	0	51	144	94	10	13	139	20	2	4	2	0	0	352	0	0	0	0	21	1	0	0	2	0	0	0	4	5	8	0	7	6	16	0	90	0	13	0	1	5	3	5	0	17	232	0	4	2	4	17	0	0	0	0	0	11	33	5	2	14	0	0	4	2	4	0	2	21	66	6	2	3	36	0	0	0	0	0	0	0	4	0	0	0	4	28	3	0	35	0	0	0	1	0	2	0
548W-120min	7	28	29	50	10	0	29	203	133	2	23	87	18	2	13	5	0	0	260	0	2	0	0	12	0	0	0	0	4	0	0	0	0	8	0	0	4	0	0	62	77	9	0	12	11	0	3	0	0	183	0	6	7	0	4	0	0	0	0	0	2	10	19	5	5	0	0	0	4	0	0	2	143	9	0	0	0	22	2	0	1	95	0	0	2	4	0	0	0	4	10	14	0	8	0	0	2	4	0	0	0
548W-180min	1	19	23	36	6	0	37	195	147	6	11	76	13	0	4	3	0	0	213	0	0	0	0	10	0	2	0	0	0	4	0	0	4	18	0	0	0	0	0	121	44	5	0	14	21	0	2	3	8	223	0	3	16	0	9	0	0	0	1	0	0	8	18	4	0	0	0	3	1	2	1	5	155	10	0	0	0	20	0	0	1	71	0	0	3	4	0	0	0	11	33	5	0	9	0	0	0	8	0	0	0
548W-30min	5	3	57	15	5	0	28	170	238	3	60	50	46	0	29	6	0	0	313	0	4	0	0	1	0	5	0	0	0	0	0	2	0	5	0	3	0	0	0	42	10	0	0	27	4	0	0	0	0	69	0	0	0	0	9	0	0	0	0	0	0	10	25	0	0	0	0	0	0	0	2	6	240	15	8	0	0	21	7	0	4	96	0	0	4	2	0	0	0	0	6	9	0	3	0	0	0	3	0	0	0
548W-60min	5	15	22	24	17	0	53	243	177	1	8	82	12	3	11	4	0	0	340	0	1	0	0	6	0	5	0	0	0	0	0	5	2	9	0	0	6	0	0	35	22	0	0	25	6	0	0	0	2	113	0	6	3	0	5	0	0	0	0	0	0	7	15	5	0	0	0	0	0	0	0	3	157	3	0	0	0	18	0	0	7	125	6	0	2	0	0	0	0	9	17	11	0	8	0	0	0	9	0	0	0
549-120min	0	0	96	31	2	0	87	207	212	1	24	96	32	0	0	2	0	0	316	0	0	0	0	9	0	0	0	0	0	0	0	0	0	0	0	0	0	10	0	39	5	12	0	22	18	0	5	0	0	188	0	3	4	0	0	0	0	0	0	0	7	31	7	4	21	0	0	4	0	1	0	0	34	57	5	0	0	16	0	0	3	0	0	0	0	2	0	0	0	4	7	4	0	26	0	0	0	16	0	0	0
549-30min	5	19	58	17	0	0	96	255	303	0	12	30	7	0	0	4	3	0	177	0	0	0	0	14	0	3	0	0	5	0	0	0	0	5	0	0	0	14	0	36	19	48	0	13	50	0	2	0	5	238	0	7	10	0	12	0	0	0	0	0	18	19	8	4	15	0	0	0	0	0	0	0	32	12	4	0	0	20	1	0	2	0	0	0	0	5	0	0	0	12	6	6	0	27	0	0	0	11	0	1	0
549-60min	6	7	66	15	0	0	64	283	277	0	17	59	8	0	0	0	0	0	389	0	0	0	0	8	0	2	0	0	0	0	0	3	0	0	0	0	0	5	0	46	13	10	0	28	11	0	0	0	2	132	0	4	6	0	13	0	0	0	0	0	0	12	4	4	0	0	0	0	0	6	0	0	57	33	0	2	0	28	0	0	4	0	0	0	0	0	0	0	0	3	2	0	0	27	0	0	0	14	0	0	0
550-120min	7	13	69	66	16	0	68	100	145	0	23	80	16	0	2	14	0	0	304	0	0	0	0	16	0	0	0	0	2	0	0	0	7	0	0	1	43	23	0	130	0	5	0	5	4	4	4	22	2	161	0	6	0	0	15	0	0	0	0	0	36	31	19	2	17	0	0	0	0	0	0	5	43	11	7	0	0	40	1	0	1	0	0	0	0	3	0	0	2	5	47	3	1	19	0	0	3	0	0	1	0
550-30min	14	6	123	46	20	0	115	156	215	1	24	76	40	7	3	9	0	0	210	0	3	0	0	7	0	1	0	1	0	0	0	2	8	0	0	0	27	0	0	120	0	1	0	13	1	2	0	24	2	128	0	2	1	0	9	0	0	0	0	0	28	16	18	3	5	0	0	5	0	2	0	9	53	13	3	3	0	15	6	0	7	0	0	0	0	2	0	0	0	1	25	18	0	13	0	0	7	1	0	0	0
550-30min-2	13	7	125	33	13	0	105	140	239	0	45	79	57	0	6	11	0	0	212	1	0	0	0	0	0	0	0	0	0	0	0	0	10	0	0	0	27	0	0	134	0	0	0	16	0	0	0	19	0	131	0	5	1	0	9	0	0	0	0	0	5	17	14	0	0	0	0	0	0	4	0	6	60	16	15	3	0	21	4	0	12	0	0	0	0	4	0	0	0	0	21	8	0	11	0	0	11	0	0	0	0
550-60min	3	4	50	49	20	0	54	91	123	0	19	66	22	0	2	13	0	0	220	2	0	0	0	8	0	0	0	3	0	0	0	0	6	6	0	0	52	6	0	227	4	3	0	3	0	0	2	38	4	220	1	9	3	0	18	0	0	0	3	0	27	39	18	3	31	0	0	8	3	5	0	3	45	8	9	4	0	35	0	0	0	0	3	2	0	5	0	0	3	8	30	0	0	20	0	0	7	0	0	0	0
553-120min	0	0	126	42	16	8	66	213	121	23	104	103	59	0	18	0	13	0	231	0	0	0	0	8	0	0	0	0	4	0	0	0	20	10	0	17	10	0	0	93	24	0	0	27	29	0	1	0	9	101	0	0	9	0	6	0	0	0	0	0	8	5	1	0	0	0	0	0	0	9	0	0	47	0	2	0	0	9	7	14	0	0	0	0	15	3	0	0	0	0	9	21	0	8	0	0	0	1	0	0	0
553-30min	0	10	132	26	5	12	84	229	163	17	87	83	52	0	9	0	7	0	151	1	0	0	0	12	0	0	0	0	0	0	0	2	30	15	0	9	0	0	0	76	23	2	0	32	28	0	0	5	8	116	0	0	8	0	5	0	0	0	1	0	13	3	6	1	0	0	0	0	0	7	0	0	90	1	7	2	0	18	5	18	0	0	5	0	16	2	0	0	2	0	8	19	0	4	0	0	1	2	0	0	0
553-60min	0	0	115	20	13	10	37	251	175	12	81	105	67	0	12	0	4	0	371	2	0	0	0	8	0	0	0	4	0	0	0	0	16	11	0	8	2	0	0	52	0	2	0	11	17	0	0	0	0	74	2	0	12	0	3	0	0	0	0	0	0	0	5	0	0	2	0	0	0	3	0	0	52	1	4	3	0	13	12	18	0	0	0	0	16	0	0	0	0	0	9	26	0	7	0	0	2	0	0	0	0
556-120min	5	0	25	28	6	0	24	187	117	0	6	135	21	0	0	15	0	0	118	0	2	0	0	14	0	0	0	0	0	0	0	0	5	13	4	0	11	0	0	147	29	6	0	7	103	0	6	28	16	204	1	4	4	0	32	0	0	2	7	0	10	19	8	6	0	0	7	3	0	3	0	3	136	20	2	0	18	18	0	0	4	9	0	4	0	0	0	0	0	11	10	0	0	30	0	0	2	15	0	0	0
556-30min	5	0	41	34	4	0	85	299	269	0	22	83	32	0	0	11	0	0	62	0	0	0	0	21	0	3	0	0	0	0	0	2	0	0	0	0	8	0	0	109	0	7	0	13	31	0	2	12	13	100	0	6	0	0	6	0	0	1	0	0	8	22	0	0	10	0	0	0	0	0	0	0	224	24	2	0	9	11	0	0	7	14	1	0	0	5	1	0	0	4	3	7	0	15	0	0	5	15	0	2	0
556-60min	3	13	24	13	0	0	37	187	123	0	4	123	14	0	0	5	3	0	55	0	0	0	0	12	0	3	0	0	0	0	0	0	0	9	6	0	13	0	0	210	11	8	0	14	102	0	5	41	19	185	0	9	0	0	20	0	0	0	0	0	8	31	5	7	13	0	0	0	0	0	0	6	225	18	0	0	8	2	0	0	5	0	0	0	0	3	0	0	0	10	15	4	0	25	0	0	0	14	0	0	0
557-120min	0	0	5	21	0	0	9	7	4	0	0	55	2	0	0	0	0	0	37	0	0	0	0	14	0	0	0	0	0	0	1	0	81	17	19	28	9	59	6	334	0	46	0	0	64	0	7	33	58	502	2	5	0	0	10	0	0	0	4	0	28	86	11	2	18	0	0	0	0	7	0	0	13	0	2	0	0	39	0	0	0	0	0	0	0	0	0	0	1	21	3	0	0	0	0	0	0	0	0	0	0
557-30min	0	9	42	83	0	0	82	93	76	0	0	107	19	0	0	1	0	0	175	3	0	0	3	25	0	0	0	0	0	0	0	5	47	9	2	35	0	33	0	167	0	16	0	3	44	3	0	11	25	256	0	0	0	0	3	0	0	0	0	0	30	80	10	3	22	2	0	0	0	9	0	2	53	0	3	1	3	45	3	0	0	0	2	0	0	7	0	0	0	8	9	1	0	0	0	0	0	0	0	0	0
557-60min	0	17	4	19	0	0	9	31	19	0	0	60	5	0	0	0	0	0	147	5	0	0	3	18	0	0	0	0	0	3	0	2	48	3	12	19	14	96	0	227	0	34	0	3	75	0	4	45	32	420	0	7	0	0	6	3	0	0	0	0	23	77	10	3	15	2	0	0	0	8	0	1	47	0	0	1	6	46	0	0	0	0	3	0	0	4	0	0	2	27	3	0	0	0	0	0	0	0	0	2	0
558-30min	0	10	22	30	0	0	16	77	61	0	0	195	12	0	0	0	4	0	99	2	0	0	0	19	0	0	0	0	0	0	1	0	5	9	6	16	8	25	0	157	4	23	0	6	122	0	1	4	33	301	0	7	10	0	21	2	0	0	2	0	25	39	42	13	11	0	0	0	0	3	0	0	81	2	0	0	0	56	8	0	0	0	9	3	0	6	0	0	0	29	0	0	0	15	0	0	2	16	0	0	0
558-60min	0	30	27	17	0	0	0	49	25	0	0	211	5	0	0	0	6	0	139	0	0	0	0	17	0	0	0	0	0	0	0	0	11	7	2	21	8	0	0	180	0	18	0	0	177	0	3	12	30	317	0	6	6	0	14	0	0	0	12	0	34	29	23	9	0	0	0	0	0	6	0	0	80	4	0	0	0	40	13	2	0	0	4	2	0	3	0	0	0	28	0	3	0	21	0	0	0	19	0	0	0
559-30min	0	6	55	97	0	0	54	34	48	0	0	100	12	0	0	3	7	0	187	0	0	0	0	41	0	0	0	0	0	0	0	0	3	9	8	30	10	69	0	160	0	12	0	0	67	4	0	1	47	244	0	5	10	10	12	0	0	0	0	0	35	64	14	8	19	3	0	0	0	9	0	0	61	0	0	0	0	47	6	0	0	0	1	0	0	13	0	0	3	10	22	0	0	10	0	0	0	0	0	0	0
559-60min	0	10	14	24	0	0	15	8	17	0	0	81	2	0	0	0	4	0	288	0	0	0	0	24	0	0	0	0	0	2	0	0	16	11	5	19	15	112	0	186	0	32	0	0	100	0	0	6	35	360	0	3	8	4	22	0	0	0	0	0	23	66	7	3	5	1	0	0	0	17	0	0	46	0	0	0	0	38	0	0	0	0	12	3	0	2	0	0	0	14	6	0	0	2	0	0	0	2	0	0	0
560-120min	8	9	39	11	28	0	115	251	220	0	37	115	0	0	0	4	0	0	415	0	0	0	0	3	0	0	0	0	0	0	0	3	5	0	0	0	1	11	0	84	10	2	0	23	5	0	0	0	0	98	0	1	4	0	0	0	0	0	0	0	0	11	5	0	3	0	0	0	0	3	2	1	25	20	1	15	0	21	3	0	31	0	2	0	0	3	0	0	0	1	1	9	0	7	0	0	0	2	2	0	0
560-30min	3	0	34	26	24	0	134	214	296	0	18	84	0	0	3	0	0	0	130	0	0	0	0	0	0	0	0	0	0	0	0	0	22	0	0	0	5	0	0	120	80	5	0	18	10	0	0	0	3	202	0	5	17	0	13	0	0	0	0	0	0	28	20	0	16	3	25	0	0	2	0	0	15	15	6	5	0	9	0	0	21	0	0	0	0	0	0	0	5	9	0	8	0	17	0	0	0	0	0	0	0
560-60min	5	14	28	12	28	0	106	302	309	0	27	91	0	0	1	5	0	0	414	4	2	0	0	0	0	0	0	0	2	2	0	0	4	0	0	0	5	0	0	39	16	0	0	16	5	0	0	0	4	88	0	0	3	0	3	0	0	0	4	0	0	4	6	0	0	0	5	0	0	1	3	0	13	25	5	15	0	5	3	0	24	0	3	0	0	2	0	0	0	0	0	12	0	2	0	0	0	3	0	0	0
561-120min	0	13	46	35	29	0	59	197	99	11	52	146	39	0	6	7	2	0	153	4	0	0	0	10	0	0	0	2	0	0	0	0	5	8	0	17	13	0	3	172	4	7	0	17	12	0	0	0	26	186	0	6	2	0	15	0	0	0	0	0	10	25	4	3	15	0	0	0	0	3	0	4	82	2	5	3	0	22	5	0	0	0	15	0	0	13	0	0	0	6	14	8	0	18	0	0	3	7	0	0	0
561-30min	2	8	47	39	30	0	123	214	146	10	61	100	40	0	5	5	0	0	170	1	3	0	0	8	0	0	0	0	1	0	0	0	2	2	0	10	11	0	2	141	2	10	0	12	13	0	0	0	12	172	0	2	3	0	12	0	0	0	0	0	8	26	1	0	7	0	0	0	1	4	0	1	77	4	3	1	2	32	3	0	2	0	9	0	0	13	1	0	0	2	9	5	0	32	0	0	1	7	0	0	0
561-60min	0	10	78	32	8	0	87	301	161	11	17	151	26	0	15	0	0	0	336	0	0	0	0	4	0	0	0	0	2	0	0	5	11	2	0	0	7	14	0	34	0	3	0	21	32	0	2	0	2	66	0	3	0	2	11	0	0	0	0	0	0	9	3	0	0	0	0	0	0	0	0	0	135	6	6	6	0	11	2	0	0	0	4	0	0	2	0	0	0	2	5	0	0	10	0	0	0	12	0	3	0
562-120min	0	1	19	12	12	1	14	171	157	12	47	123	12	0	13	0	0	0	273	0	4	0	0	5	0	0	0	0	3	0	0	0	0	5	0	0	5	14	0	125	19	0	0	14	35	0	0	3	0	142	0	4	4	0	0	0	0	0	0	0	5	10	29	0	10	3	0	0	0	0	0	0	257	5	0	3	0	11	1	2	0	0	3	2	0	3	2	0	2	7	25	4	0	11	0	6	0	20	0	0	0
562-30min	0	5	52	20	21	2	39	222	223	26	119	68	22	3	21	6	0	0	248	0	2	0	0	2	0	0	0	0	5	0	0	4	0	4	0	0	0	5	0	57	13	0	0	14	18	0	0	0	0	67	0	0	4	0	2	0	0	0	0	0	0	14	17	0	0	0	0	0	2	0	0	0	239	11	2	8	0	15	11	5	0	2	0	0	0	2	8	0	1	0	6	14	0	9	0	1	0	9	0	0	0
563-30min	0	7	29	12	6	0	76	150	254	8	10	52	18	0	5	0	28	0	214	2	0	0	0	10	0	0	0	3	0	0	0	0	0	12	0	0	6	7	0	127	26	24	0	10	67	0	2	4	13	214	0	0	50	7	18	0	0	0	0	0	8	13	15	2	9	0	0	0	0	5	0	5	47	6	10	1	18	8	0	1	0	0	7	0	0	0	0	0	0	8	6	9	0	16	0	0	0	3	2	0	0
563-60min	0	9	48	11	12	0	67	202	345	16	10	70	23	0	13	0	0	0	502	2	0	0	0	7	0	0	1	0	0	0	0	2	0	0	0	0	0	0	0	48	7	4	0	17	19	0	0	3	6	83	0	2	9	4	0	0	0	0	0	0	3	3	0	4	0	0	0	0	0	2	0	2	45	21	3	6	5	1	0	0	2	0	6	0	1	1	0	0	0	2	0	5	0	13	0	0	1	1	0	1	0
564-30min	0	16	93	63	0	0	59	114	88	24	0	125	34	0	0	0	6	0	71	0	4	0	0	15	0	0	2	1	0	0	0	2	25	0	4	12	19	63	0	175	0	9	0	7	14	4	9	17	11	209	0	2	0	10	4	0	1	0	0	0	25	52	15	10	22	0	0	0	0	9	0	0	39	30	4	0	0	83	3	0	0	0	5	0	0	6	0	0	0	19	15	0	0	16	0	1	2	0	0	2	0
564-60min	0	5	46	48	0	0	17	24	26	11	0	142	16	0	0	0	4	0	64	0	0	0	0	16	0	0	0	0	0	0	0	2	33	2	10	10	31	85	0	209	0	24	0	0	26	2	10	25	20	310	0	10	4	10	9	0	0	0	0	0	33	86	22	8	38	0	0	0	0	9	0	1	29	26	1	5	0	86	0	0	0	0	10	0	0	4	0	0	0	32	8	0	0	13	0	2	2	0	0	4	0
565-120min	0	0	46	15	4	4	25	211	130	44	33	130	25	0	35	0	6	0	151	2	0	0	0	11	0	0	0	0	0	0	0	3	51	10	0	0	6	9	0	79	7	0	0	5	49	0	4	8	0	126	0	0	6	0	5	0	0	0	0	0	25	40	8	5	9	0	11	0	0	1	0	0	132	77	8	9	0	22	4	0	0	0	14	0	0	9	0	0	0	0	14	0	0	42	0	0	0	0	0	0	0
565-30min	0	8	42	0	6	2	33	249	141	38	21	93	14	0	16	0	10	0	300	0	0	0	0	2	0	0	0	2	0	0	0	2	30	0	0	0	0	7	0	82	6	2	0	5	103	0	2	6	1	108	0	4	13	0	5	0	0	0	0	0	7	16	2	3	0	0	5	0	2	1	0	4	158	43	3	10	0	20	1	0	0	0	12	0	0	2	0	0	0	3	4	5	0	5	0	0	2	3	1	5	0
565-60min	0	14	36	11	14	0	38	233	100	39	10	92	20	0	21	0	0	0	338	0	0	0	0	10	0	0	0	0	7	0	0	0	39	9	0	0	0	0	0	64	0	0	0	0	60	0	4	8	0	95	0	6	6	7	0	0	0	0	0	0	8	8	2	4	8	0	3	0	2	0	0	4	208	47	5	9	0	17	0	0	2	0	8	0	2	10	0	0	0	5	6	0	0	19	0	0	0	7	0	5	0
571-120min	0	10	16	14	0	0	19	19	18	5	0	143	8	0	0	0	4	0	193	0	0	0	0	9	0	0	0	2	0	0	2	0	34	0	4	52	19	70	5	120	7	26	0	5	69	2	8	0	34	442	0	3	7	6	24	0	0	0	0	0	25	46	8	5	25	0	0	0	0	12	0	0	28	20	3	4	0	43	0	0	0	0	5	0	0	4	0	0	4	21	3	0	0	7	0	3	0	4	0	1	0
571-30min	0	26	31	55	5	0	80	148	97	46	0	154	58	0	0	0	6	0	316	5	0	0	0	26	0	0	0	0	0	0	2	0	9	0	0	25	9	5	0	54	0	8	0	7	19	3	1	4	7	184	0	2	0	0	10	0	5	0	0	0	22	51	5	8	17	0	0	0	0	5	0	0	51	36	0	7	0	18	2	0	0	0	5	2	0	15	0	0	0	5	4	0	0	7	0	0	2	0	0	1	0
571-60min	0	15	13	9	0	0	26	47	33	6	0	97	10	0	0	0	1	0	79	1	0	0	0	21	0	0	0	0	0	1	0	0	12	14	3	47	22	64	5	161	11	30	0	6	65	3	11	2	37	436	2	6	2	2	20	2	0	0	9	0	30	77	14	2	26	0	0	0	0	14	0	1	40	27	1	4	0	41	0	0	0	0	3	1	0	9	0	0	3	23	4	0	0	8	0	4	0	2	0	5	0
572-120min	9	5	71	24	5	0	128	232	112	0	13	94	12	0	3	0	2	0	552	0	0	0	0	1	0	0	0	0	0	0	0	0	1	7	0	0	5	0	0	75	1	4	0	27	23	0	1	0	3	91	0	0	4	0	4	0	0	0	0	0	3	19	2	0	0	0	0	0	0	4	0	0	38	9	2	22	0	19	1	1	0	0	16	0	0	2	0	0	0	0	5	6	0	11	0	0	0	0	0	1	0
572-30min	6	15	65	19	9	0	92	185	66	0	0	55	8	0	0	0	4	0	106	0	0	0	0	0	0	0	0	2	0	0	0	0	33	28	0	16	9	8	0	155	0	8	0	18	36	0	2	0	14	327	0	7	38	0	26	0	0	0	0	0	21	50	23	4	27	0	0	0	2	6	0	3	31	0	5	16	0	47	4	4	0	0	28	0	0	4	0	0	0	0	14	5	0	18	0	0	0	1	0	0	0
572-60min	18	20	56	17	18	0	155	207	129	0	8	96	26	0	5	3	0	0	533	0	0	0	0	4	0	0	0	0	0	0	0	2	0	4	0	0	0	0	0	51	0	0	0	32	26	0	2	0	0	87	0	1	5	0	3	0	0	0	0	0	0	15	5	0	0	0	0	0	0	5	0	1	60	0	0	11	0	22	2	0	1	0	11	0	0	1	0	0	0	0	6	10	0	9	0	0	0	0	0	3	0
573-120min	4	7	50	8	0	0	40	204	182	0	34	75	25	0	1	0	0	0	157	2	0	0	0	4	0	0	0	0	4	0	0	4	6	18	0	0	6	10	0	210	6	1	3	0	71	0	0	0	9	266	2	0	2	0	36	1	0	0	4	0	15	37	11	3	18	0	0	0	2	7	0	1	0	22	15	3	0	30	1	0	0	0	6	0	0	0	0	0	0	8	3	3	0	33	0	0	0	0	0	0	0
573-30min	7	5	63	3	0	0	91	162	282	0	52	74	17	0	0	0	0	0	328	0	0	0	0	0	0	0	0	0	0	0	0	2	0	14	0	0	11	13	0	170	0	0	0	18	42	0	0	0	0	183	0	7	0	0	18	0	0	0	8	0	0	25	9	5	0	0	0	0	0	5	0	0	0	18	0	9	0	8	0	0	0	0	0	0	0	0	0	0	0	4	0	7	0	10	0	0	0	0	0	0	0
573-60min	2	8	50	7	2	3	56	208	212	0	24	112	19	0	2	0	3	0	179	4	0	0	0	7	0	0	0	0	0	0	1	2	11	5	0	1	8	12	0	162	4	3	0	13	84	0	0	0	13	231	3	7	10	0	34	0	0	0	0	0	13	19	7	7	10	6	0	2	0	3	0	0	2	23	10	4	0	19	1	0	1	2	14	0	0	0	0	0	1	8	1	0	0	15	0	0	0	0	0	0	0
600-120min	4	8	76	45	7	0	62	179	257	0	34	68	24	0	0	0	0	0	137	3	0	0	0	13	0	0	0	0	0	0	0	4	4	4	0	0	0	10	0	199	2	3	0	17	21	0	0	0	13	117	1	6	8	0	17	0	0	0	0	0	8	26	6	2	5	0	8	0	0	0	0	8	99	56	0	6	0	24	0	0	2	31	3	1	0	0	0	0	2	7	3	10	0	10	0	0	0	10	0	0	0
600-30min	4	9	61	34	12	0	104	213	315	0	15	33	18	0	0	0	6	0	129	0	0	0	0	7	0	0	0	0	0	0	0	0	2	9	0	0	0	15	0	139	22	3	0	19	11	0	0	0	30	125	0	3	6	5	18	0	0	0	0	0	0	8	9	5	10	0	18	0	0	0	0	10	63	57	0	5	0	36	4	0	0	42	0	3	0	3	0	0	0	7	0	10	0	13	0	0	0	0	0	0	0
600-60min	4	3	68	34	17	0	86	245	304	0	18	66	33	0	0	0	0	0	198	3	0	0	0	4	0	0	0	0	0	0	0	5	1	0	0	0	4	14	0	111	4	0	0	20	10	0	0	2	12	80	0	0	0	6	3	0	0	0	0	0	0	4	12	2	0	2	4	0	0	1	0	7	104	63	0	4	0	15	7	0	7	44	0	0	0	0	0	0	0	4	2	11	0	15	0	0	2	5	0	0	0
601-30min	0	1	107	49	21	1	112	222	174	0	0	179	70	0	0	0	0	0	196	0	0	0	0	18	0	0	0	2	1	0	0	0	0	0	0	6	0	13	2	58	0	2	0	7	14	0	5	1	9	199	0	0	2	0	0	0	0	0	0	0	10	11	0	0	0	0	0	0	0	2	3	8	74	24	0	4	0	27	1	0	0	0	4	2	0	17	0	0	0	2	1	0	0	0	0	2	3	4	0	0	0
601-60min	0	11	39	57	18	0	59	83	85	0	0	226	15	0	0	0	0	0	223	0	0	0	0	17	0	0	0	0	0	0	0	0	0	6	0	13	11	24	0	143	0	15	0	2	49	0	3	6	12	272	0	7	0	0	4	0	0	0	0	0	18	28	4	2	0	0	0	0	0	1	0	4	105	7	6	0	0	43	0	0	0	0	0	0	0	12	0	0	0	32	0	0	0	0	0	0	0	8	0	0	0
602-120min	1	19	115	15	8	0	150	275	212	0	13	127	14	0	11	0	0	0	253	4	0	0	0	9	0	0	0	0	0	0	0	1	4	0	2	6	5	0	0	94	2	4	0	0	12	0	2	0	7	99	0	5	9	0	4	0	0	0	0	0	11	16	3	5	8	0	0	0	0	2	0	0	55	35	1	5	2	12	2	0	3	0	1	0	0	0	0	0	0	0	0	10	0	17	0	0	0	0	0	0	0
602-30min	3	4	40	10	7	0	101	197	209	0	6	57	7	0	2	0	2	0	139	0	0	0	0	10	0	0	0	0	0	0	0	0	0	3	0	8	0	15	0	293	34	10	0	0	62	0	4	0	15	178	0	9	13	1	19	0	0	0	4	0	21	55	14	5	11	0	0	0	0	3	0	0	34	9	14	0	8	4	2	0	0	0	0	0	0	0	0	0	0	8	0	3	0	17	0	0	0	0	0	0	0
602-60min	7	13	57	6	7	0	130	296	237	0	12	92	5	0	2	0	0	0	473	2	0	0	0	2	0	2	0	0	3	0	0	0	3	3	0	3	0	0	0	62	10	1	0	0	15	0	2	0	3	37	0	3	7	0	1	0	0	0	4	0	0	12	2	1	0	0	0	0	0	0	0	0	75	26	8	3	0	2	4	0	9	0	0	0	0	0	0	0	0	0	0	18	0	9	0	0	0	1	0	0	0
603-120min	0	13	9	55	0	0	51	54	12	0	0	171	6	0	0	0	0	0	214	5	0	0	0	29	0	0	0	0	0	0	0	1	39	6	5	11	17	40	0	131	10	14	0	0	38	0	16	0	0	494	0	0	5	0	26	0	0	0	0	0	24	55	10	0	12	0	0	0	0	8	0	0	21	3	2	0	0	51	0	0	0	0	0	0	0	5	0	0	0	3	0	0	0	4	0	0	0	0	0	0	0
603-30min	0	15	13	36	0	0	50	64	15	0	0	122	5	0	0	2	2	0	74	0	0	0	0	30	0	0	0	0	0	0	1	0	29	13	0	6	19	38	0	178	0	21	0	0	52	2	9	0	15	494	3	4	13	0	21	0	0	0	0	0	43	106	10	1	20	0	5	1	0	5	0	0	53	5	0	0	0	45	0	0	0	0	0	0	0	5	0	0	0	17	5	0	0	2	0	0	0	1	0	0	0
603-60min	0	24	8	40	0	0	53	103	38	0	0	194	4	0	0	3	4	0	248	5	0	0	0	33	0	0	0	0	0	0	0	0	25	6	0	5	8	28	0	130	7	12	0	0	35	0	11	0	11	349	0	3	8	0	17	0	0	0	0	0	27	59	9	4	10	0	0	0	0	5	0	0	52	3	0	0	0	50	2	0	0	0	2	0	0	8	0	0	2	14	0	0	0	3	0	0	0	6	0	2	0
605-120min	0	5	77	54	6	0	45	201	95	13	13	221	43	0	23	2	0	0	313	0	0	0	0	20	0	2	0	0	0	0	0	4	15	0	0	0	0	16	0	65	0	0	0	37	24	0	5	0	0	128	0	0	0	0	23	0	0	0	0	0	9	19	7	0	0	0	0	0	0	3	2	0	96	4	9	3	0	27	6	0	0	0	4	0	0	2	2	0	0	0	8	0	0	10	0	1	0	8	0	0	0
605-30min	0	13	43	37	18	0	64	159	74	5	19	154	24	0	0	6	0	0	120	0	0	0	0	14	0	0	0	0	0	0	0	0	4	9	0	12	12	18	0	205	3	12	0	9	23	0	0	0	28	256	1	10	3	0	23	0	0	0	0	0	7	23	4	1	9	0	0	0	0	2	0	0	90	0	0	7	0	52	0	0	0	0	13	0	0	10	0	0	2	12	11	4	0	35	0	2	3	5	0	0	0
605-60min	0	0	34	21	7	1	50	256	85	10	7	156	26	0	5	0	0	0	369	0	0	0	0	21	0	0	0	0	0	0	0	5	8	0	0	3	0	12	0	127	0	0	0	16	60	0	16	3	3	142	0	4	0	0	15	0	0	0	8	0	6	8	0	4	0	0	0	0	0	0	0	2	115	10	8	1	0	12	3	0	0	0	0	0	0	4	0	0	0	0	11	0	0	5	0	0	0	7	0	4	0
606-120min	0	6	17	34	0	0	15	27	30	0	0	187	7	0	0	0	8	0	82	2	0	0	0	28	0	0	0	0	0	3	0	5	31	11	0	24	9	31	0	122	0	32	0	0	115	0	0	6	31	461	1	10	9	10	19	0	0	0	7	0	25	56	12	0	23	0	0	0	0	8	0	0	48	0	0	0	7	44	0	0	0	0	4	0	0	2	0	0	1	42	0	0	0	13	0	0	0	0	5	0	0
606-30min	0	7	59	23	0	0	91	130	99	19	4	177	19	0	0	0	6	0	343	0	0	0	0	16	0	0	0	0	0	0	0	3	16	10	0	33	0	16	0	93	0	15	0	6	26	3	0	3	9	257	1	2	0	0	8	0	0	0	0	0	5	26	0	0	13	0	0	0	0	6	0	0	49	0	1	0	0	42	2	0	0	0	1	0	0	0	0	0	0	12	0	0	0	16	0	0	0	0	3	0	0
606-60min	0	11	10	13	0	0	14	27	38	5	0	205	6	0	0	0	5	0	80	0	0	0	0	18	0	0	0	0	0	0	0	5	21	9	0	27	15	53	0	152	0	33	0	6	98	0	0	4	16	504	0	8	4	6	7	0	0	0	0	0	10	54	10	0	12	0	0	0	0	7	0	0	69	0	0	0	0	46	2	0	0	0	5	4	0	5	0	0	0	26	4	0	0	11	0	0	0	0	0	5	0
607-30min	1	16	54	37	19	0	84	150	171	23	12	100	16	0	2	3	17	0	53	1	0	0	0	26	0	0	0	1	0	1	0	0	10	16	3	15	14	53	0	129	24	18	0	0	32	0	5	0	23	265	0	8	9	3	23	0	0	0	4	0	33	35	16	3	4	0	0	2	0	2	0	4	28	16	2	2	3	23	1	0	0	0	0	0	0	13	0	0	0	27	0	0	0	1	0	0	0	13	0	1	0
607-60min	0	17	30	47	6	0	26	87	82	10	4	117	12	0	4	0	4	0	105	0	0	0	0	13	0	0	0	0	0	0	0	0	13	26	2	28	0	74	0	177	0	34	0	0	45	0	3	0	12	381	1	12	9	10	37	0	0	0	0	0	21	42	13	0	26	1	0	0	0	8	0	3	34	11	0	0	7	35	0	0	0	0	4	0	0	11	0	0	0	16	0	0	0	2	0	0	0	8	0	0	0
